date,vol_h00,vol_h01,vol_h02,vol_h03,vol_h04,vol_h05,vol_h06,vol_h07,vol_h08,vol_h09,vol_h10,vol_h11,vol_h12,vol_h13,vol_h14,vol_h15,vol_h16,vol_h17,vol_h18,vol_h19,vol_h20,vol_h21,vol_h22,vol_h23,occ_h00,occ_h01,occ_h02,occ_h03,occ_h04,occ_h05,occ_h06,occ_h07,occ_h08,occ_h09,occ_h10,occ_h11,occ_h12,occ_h13,occ_h14,occ_h15,occ_h16,occ_h17,occ_h18,occ_h19,occ_h20,occ_h21,occ_h22,occ_h23,dur_h00,dur_h01,dur_h02,dur_h03,dur_h04,dur_h05,dur_h06,dur_h07,dur_h08,dur_h09,dur_h10,dur_h11,dur_h12,dur_h13,dur_h14,dur_h15,dur_h16,dur_h17,dur_h18,dur_h19,dur_h20,dur_h21,dur_h22,dur_h23,vol11_h00,vol11_h01,vol11_h02,vol11_h03,vol11_h04,vol11_h05,vol11_h06,vol11_h07,vol11_h08,vol11_h09,vol11_h10,vol11_h11,vol11_h12,vol11_h13,vol11_h14,vol11_h15,vol11_h16,vol11_h17,vol11_h18,vol11_h19,vol11_h20,vol11_h21,vol11_h22,vol11_h23,sp_h00,sp_h01,sp_h02,sp_h03,sp_h04,sp_h05,sp_h06,sp_h07,sp_h08,sp_h09,sp_h10,sp_h11,sp_h12,sp_h13,sp_h14,sp_h15,sp_h16,sp_h17,sp_h18,sp_h19,sp_h20,sp_h21,sp_h22,sp_h23,ep_h00,ep_h01,ep_h02,ep_h03,ep_h04,ep_h05,ep_h06,ep_h07,ep_h08,ep_h09,ep_h10,ep_h11,ep_h12,ep_h13,ep_h14,ep_h15,ep_h16,ep_h17,ep_h18,ep_h19,ep_h20,ep_h21,ep_h22,ep_h23
2022-09-01,56.29166666666666,50.45833333333332,55.70833333333332,57.74999999999999,58.33333333333332,55.41666666666666,54.24999999999999,58.33333333333332,58.04166666666666,70.0,70.0,56.87499999999999,73.20833333333331,62.99999999999999,66.49999999999999,68.25,67.95833333333331,65.33333333333331,61.24999999999999,59.49999999999999,64.45833333333333,61.54166666666666,66.79166666666667,66.20833333333331,17.0,16.0,16.0,16.0,17.0,17.0,17.0,19.0,16.0,22.0,20.0,13.0,15.0,12.0,12.0,16.0,17.0,17.0,16.0,20.0,20.0,18.0,19.0,21.0,8.833333333333332,8.166666666666664,8.916666666666666,9.166666666666666,9.249999999999998,8.916666666666666,8.75,9.166666666666666,9.166666666666664,10.916666666666664,10.916666666666664,8.666666666666666,11.249999999999998,9.75,10.166666666666666,10.499999999999998,10.5,10.25,9.5,9.416666666666664,9.916666666666664,9.749999999999996,10.333333333333332,10.166666666666664,56.29166666666666,50.45833333333332,55.70833333333333,57.74999999999999,58.33333333333333,55.41666666666666,54.24999999999999,58.33333333333333,58.04166666666666,69.99999999999999,70.0,56.87499999999999,73.20833333333333,62.99999999999999,66.49999999999999,68.24999999999999,67.95833333333333,65.33333333333333,61.24999999999999,59.49999999999999,64.45833333333333,61.541666666666664,66.79166666666666,66.20833333333333,0.8560000000000001,0.8560000000000001,0.8560000000000001,0.8560000000000001,0.8560000000000001,0.8560000000000001,0.8560000000000001,0.8325,0.8325,0.8325,0.657,0.657,0.8325,0.8325,0.657,0.657,0.657,0.8325,0.8325,0.657,0.657,0.6350000000000001,0.6350000000000001,0.7460000000000001,0.924,0.924,0.924,0.924,0.924,0.924,0.924,1.035,1.035,1.035,1.123,1.123,1.035,1.035,1.123,1.123,1.123,1.035,1.035,1.123,1.123,1.035,1.035,0.924
2022-09-02,69.70833333333333,70.58333333333333,72.33333333333331,72.04166666666664,70.87499999999999,70.58333333333331,71.45833333333331,69.12499999999999,67.08333333333334,68.83333333333333,64.45833333333333,72.33333333333331,78.45833333333333,79.04166666666666,81.08333333333331,78.45833333333333,74.08333333333331,72.04166666666666,62.99999999999999,61.24999999999999,61.54166666666666,60.08333333333333,60.66666666666666,65.625,21.0,19.0,19.0,20.0,20.0,19.0,21.0,21.0,19.0,20.0,18.0,20.0,18.0,21.0,20.0,20.0,22.0,20.0,16.0,20.0,18.0,17.0,18.0,19.0,10.75,10.916666666666664,11.083333333333332,11.083333333333332,10.916666666666666,10.833333333333332,10.999999999999998,10.583333333333332,10.416666666666664,10.499999999999998,9.916666666666664,11.166666666666664,12.333333333333332,12.249999999999996,12.58333333333333,12.08333333333333,11.499999999999998,11.166666666666664,9.916666666666664,9.833333333333332,10.0,9.666666666666664,9.916666666666666,10.666666666666666,69.70833333333333,70.58333333333333,72.33333333333333,72.04166666666666,70.87499999999999,70.58333333333333,71.45833333333333,69.12499999999999,67.08333333333333,68.83333333333333,64.45833333333333,72.33333333333333,78.45833333333333,79.04166666666666,81.08333333333333,78.45833333333333,74.08333333333331,72.04166666666666,62.99999999999999,61.24999999999999,61.541666666666664,60.08333333333333,60.66666666666666,65.62499999999999,0.8560000000000001,0.8560000000000001,0.8560000000000001,0.8560000000000001,0.8560000000000001,0.8560000000000001,0.8560000000000001,0.8325,0.8325,0.657,0.657,0.657,0.8325,0.8325,0.657,0.657,0.657,0.8325,0.8325,0.657,0.657,0.6350000000000001,0.6350000000000001,0.7460000000000001,0.924,0.924,0.924,0.924,0.924,0.924,0.924,1.035,1.035,1.123,1.123,1.123,1.035,1.035,1.123,1.123,1.123,1.035,1.035,1.123,1.123,1.035,1.035,0.924
2022-09-03,66.49999999999999,65.91666666666666,66.49999999999999,66.49999999999999,66.49999999999999,66.49999999999999,66.49999999999999,66.49999999999999,66.49999999999999,66.49999999999999,66.49999999999999,66.49999999999999,66.49999999999999,66.49999999999999,66.49999999999999,66.49999999999999,66.49999999999999,66.49999999999999,66.49999999999999,61.24999999999999,59.49999999999999,59.49999999999999,59.49999999999999,59.49999999999999,19.0,19.0,19.0,19.0,19.0,19.0,19.0,19.0,19.0,19.0,19.0,19.0,15.0,15.0,15.0,15.0,15.0,15.0,19.0,19.0,18.0,18.0,18.0,18.0,9.999999999999998,10.0,9.999999999999998,9.999999999999998,9.999999999999998,9.999999999999998,9.999999999999998,9.999999999999998,9.999999999999998,9.999999999999998,9.999999999999998,9.999999999999998,9.999999999999998,9.999999999999998,9.999999999999998,9.999999999999998,9.999999999999998,9.999999999999998,9.999999999999998,9.25,9.0,9.0,9.0,9.0,66.5,65.91666666666666,66.5,66.5,66.5,66.5,66.5,66.5,66.5,66.5,66.5,66.5,66.5,66.5,66.5,66.5,66.5,66.5,66.5,61.24999999999999,59.5,59.5,59.5,59.5,0.8560000000000001,0.8560000000000001,0.8560000000000001,0.8560000000000001,0.8560000000000001,0.8560000000000001,0.8560000000000001,0.8325,0.8325,0.657,0.657,0.657,0.8325,0.8325,0.657,0.657,0.657,0.8325,0.8325,0.657,0.657,0.6350000000000001,0.6350000000000001,0.7460000000000001,0.924,0.924,0.924,0.924,0.924,0.924,0.924,1.035,1.035,1.123,1.123,1.123,1.035,1.035,1.123,1.123,1.123,1.035,1.035,1.123,1.123,1.035,1.035,0.924
2022-09-04,59.49999999999999,59.49999999999999,59.49999999999999,59.49999999999999,59.49999999999999,59.49999999999999,59.49999999999999,59.49999999999999,59.49999999999999,59.49999999999999,59.49999999999999,59.49999999999999,59.49999999999999,59.49999999999999,59.49999999999999,59.49999999999999,59.49999999999999,59.49999999999999,59.49999999999999,59.49999999999999,59.49999999999999,59.49999999999999,59.49999999999999,59.49999999999999,18.0,18.0,18.0,18.0,18.0,18.0,18.0,18.0,18.0,18.0,18.0,18.0,16.0,18.0,18.0,18.0,18.0,18.0,18.0,18.0,18.0,18.0,18.0,18.0,9.0,9.0,9.0,9.0,9.0,9.0,9.0,9.0,9.0,9.0,9.0,9.0,9.0,9.0,9.0,9.0,9.0,9.0,9.0,9.0,9.0,9.0,9.0,9.0,59.5,59.5,59.5,59.5,59.5,59.5,59.5,59.5,59.5,59.5,59.5,59.5,59.5,59.5,59.5,59.5,59.5,59.5,59.5,59.5,59.5,59.5,59.5,59.5,0.8560000000000001,0.8560000000000001,0.8560000000000001,0.8560000000000001,0.8560000000000001,0.8560000000000001,0.8560000000000001,0.8325,0.8325,0.657,0.657,0.657,0.8325,0.8325,0.657,0.657,0.657,0.8325,0.8325,0.657,0.657,0.6350000000000001,0.6350000000000001,0.7460000000000001,0.924,0.924,0.924,0.924,0.924,0.924,0.924,1.035,1.035,1.123,1.123,1.123,1.035,1.035,1.123,1.123,1.123,1.035,1.035,1.123,1.123,1.035,1.035,0.924
2022-09-05,59.49999999999999,59.49999999999999,59.49999999999999,59.49999999999999,59.49999999999999,59.49999999999999,59.49999999999999,59.49999999999999,59.49999999999999,59.49999999999999,60.66666666666666,66.49999999999999,66.49999999999999,66.49999999999999,66.49999999999999,66.49999999999999,66.49999999999999,66.49999999999999,66.49999999999999,66.49999999999999,66.49999999999999,66.49999999999999,66.49999999999999,66.49999999999999,18.0,18.0,18.0,18.0,18.0,18.0,18.0,18.0,18.0,18.0,18.0,19.0,15.0,15.0,15.0,15.0,15.0,15.0,19.0,19.0,19.0,19.0,19.0,19.0,9.0,9.0,9.0,9.0,9.0,9.0,9.0,9.0,9.0,9.0,9.166666666666668,10.0,10.0,10.0,10.0,10.0,10.0,10.0,10.0,10.0,10.0,10.0,10.0,10.0,59.5,59.5,59.5,59.5,59.5,59.5,59.5,59.5,59.5,59.5,60.666666666666664,66.5,66.5,66.5,66.5,66.5,66.5,66.5,66.5,66.5,66.5,66.5,66.5,66.5,0.8560000000000001,0.8560000000000001,0.8560000000000001,0.8560000000000001,0.8560000000000001,0.8560000000000001,0.8560000000000001,0.8325,0.8325,0.657,0.657,0.657,0.8325,0.8325,0.657,0.657,0.657,0.8325,0.8325,0.657,0.657,0.6350000000000001,0.6350000000000001,0.7460000000000001,0.924,0.924,0.924,0.924,0.924,0.924,0.924,1.035,1.035,1.123,1.123,1.123,1.035,1.035,1.123,1.123,1.123,1.035,1.035,1.123,1.123,1.035,1.035,0.924
2022-09-06,66.49999999999999,66.49999999999999,66.49999999999999,66.49999999999999,66.49999999999999,66.49999999999999,66.49999999999999,66.49999999999999,66.49999999999999,66.49999999999999,66.49999999999999,66.49999999999999,66.49999999999999,66.49999999999999,66.49999999999999,66.49999999999999,66.49999999999999,66.49999999999999,65.62499999999999,66.49999999999999,66.49999999999999,66.49999999999999,66.49999999999999,66.49999999999999,19.0,19.0,19.0,19.0,19.0,19.0,19.0,19.0,19.0,19.0,19.0,15.0,15.0,15.0,15.0,15.0,15.0,15.0,19.0,19.0,19.0,19.0,19.0,19.0,10.0,10.0,10.0,10.0,10.0,10.0,10.0,10.0,10.0,10.0,10.0,10.0,10.0,10.0,10.0,10.0,10.0,10.0,9.916666666666666,10.0,10.0,10.0,10.0,10.0,66.5,66.5,66.5,66.5,66.5,66.5,66.5,66.5,66.5,66.5,66.5,66.5,66.5,66.5,66.5,66.5,66.5,66.5,65.625,66.5,66.5,66.5,66.5,66.5,0.8560000000000001,0.8560000000000001,0.8560000000000001,0.8560000000000001,0.8560000000000001,0.8560000000000001,0.8560000000000001,0.8325,0.8325,0.657,0.657,0.657,0.8325,0.8325,0.657,0.657,0.657,0.8325,0.8325,0.657,0.657,0.6350000000000001,0.6350000000000001,0.7460000000000001,0.924,0.924,0.924,0.924,0.924,0.924,0.924,1.035,1.035,1.123,1.123,1.123,1.035,1.035,1.123,1.123,1.123,1.035,1.035,1.123,1.123,1.035,1.035,0.924
2022-09-07,66.49999999999999,66.49999999999999,66.49999999999999,66.49999999999999,66.49999999999999,66.49999999999999,66.49999999999999,66.49999999999999,66.49999999999999,66.49999999999999,66.49999999999999,66.49999999999999,66.49999999999999,66.49999999999999,66.49999999999999,66.49999999999999,66.49999999999999,66.49999999999999,66.49999999999999,66.49999999999999,66.49999999999999,66.49999999999999,66.49999999999999,66.49999999999999,19.0,19.0,19.0,19.0,19.0,19.0,19.0,19.0,19.0,19.0,19.0,19.0,19.0,19.0,19.0,19.0,19.0,19.0,19.0,19.0,19.0,19.0,19.0,19.0,10.0,10.0,10.0,10.0,10.0,10.0,10.0,10.0,10.0,10.0,10.0,10.0,10.0,10.0,10.0,10.0,10.0,10.0,10.0,10.0,10.0,10.0,10.0,10.0,66.5,66.5,66.5,66.5,66.5,66.5,66.5,66.5,66.5,66.5,66.5,66.5,66.5,66.5,66.5,66.5,66.5,66.5,66.5,66.5,66.5,66.5,66.5,66.5,0.8560000000000001,0.8560000000000001,0.8560000000000001,0.8560000000000001,0.8560000000000001,0.8560000000000001,0.8560000000000001,0.8325,0.8325,0.657,0.657,0.657,0.8325,0.8325,0.657,0.657,0.657,0.8325,0.8325,0.657,0.657,0.6350000000000001,0.6350000000000001,0.7460000000000001,0.924,0.924,0.924,0.924,0.924,0.924,0.924,1.035,1.035,1.123,1.123,1.123,1.035,1.035,1.123,1.123,1.123,1.035,1.035,1.123,1.123,1.035,1.035,0.924
2022-09-08,66.49999999999999,66.49999999999999,66.49999999999999,66.49999999999999,66.49999999999999,66.49999999999999,66.49999999999999,66.49999999999999,66.49999999999999,66.49999999999999,66.49999999999999,66.49999999999999,66.49999999999999,66.49999999999999,66.49999999999999,66.49999999999999,66.49999999999999,66.49999999999999,66.49999999999999,66.49999999999999,66.49999999999999,66.49999999999999,66.49999999999999,66.49999999999999,19.0,19.0,19.0,19.0,19.0,19.0,19.0,19.0,19.0,19.0,15.0,15.0,15.0,15.0,15.0,15.0,15.0,15.0,19.0,19.0,19.0,19.0,19.0,19.0,10.0,10.0,10.0,10.0,10.0,10.0,10.0,10.0,10.0,10.0,10.0,10.0,10.0,10.0,10.0,10.0,10.0,10.0,10.0,10.0,10.0,10.0,10.0,10.0,66.5,66.5,66.5,66.5,66.5,66.5,66.5,66.5,66.5,66.5,66.5,66.5,66.5,66.5,66.5,66.5,66.5,66.5,66.5,66.5,66.5,66.5,66.5,66.5,0.8560000000000001,0.8560000000000001,0.8560000000000001,0.8560000000000001,0.8560000000000001,0.8560000000000001,0.8560000000000001,0.8325,0.8325,0.657,0.657,0.657,0.8325,0.8325,0.657,0.657,0.657,0.8325,0.8325,0.657,0.657,0.6350000000000001,0.6350000000000001,0.7460000000000001,0.924,0.924,0.924,0.924,0.924,0.924,0.924,1.035,1.035,1.123,1.123,1.123,1.035,1.035,1.123,1.123,1.123,1.035,1.035,1.123,1.123,1.035,1.035,0.924
2022-09-09,66.49999999999999,66.49999999999999,66.49999999999999,66.49999999999999,66.49999999999999,66.49999999999999,66.49999999999999,64.16666666666664,65.91666666666666,58.91666666666666,55.41666666666665,58.91666666666666,66.5,69.125,74.08333333333334,86.33333333333333,89.25,88.66666666666666,52.49999999999999,45.49999999999999,52.5,52.5,52.5,48.125,19.0,19.0,19.0,19.0,19.0,19.0,19.0,19.0,18.0,19.0,17.0,13.0,15.0,15.0,16.0,18.0,19.0,19.0,15.0,17.0,18.0,18.0,18.0,18.0,10.0,10.0,10.0,10.0,10.0,10.0,10.0,9.666666666666666,9.916666666666664,8.916666666666666,8.416666666666666,8.916666666666664,9.999999999999996,10.749999999999996,11.58333333333333,13.33333333333333,13.749999999999996,13.666666666666664,8.75,8.0,9.0,9.0,9.0,8.25,66.5,66.5,66.5,66.5,66.5,66.5,66.5,64.16666666666666,65.91666666666666,58.91666666666666,55.41666666666666,58.91666666666666,66.5,69.12499999999999,74.08333333333333,86.33333333333331,89.24999999999999,88.66666666666666,52.499999999999986,45.49999999999999,52.5,52.5,52.5,48.125,0.8560000000000001,0.8560000000000001,0.8560000000000001,0.8560000000000001,0.8560000000000001,0.8560000000000001,0.8560000000000001,0.8325,0.8325,0.657,0.657,0.657,0.8325,0.8325,0.657,0.657,0.657,0.8325,0.8325,0.657,0.657,0.6350000000000001,0.6350000000000001,0.7460000000000001,0.924,0.924,0.924,0.924,0.924,0.924,0.924,1.035,1.035,1.123,1.123,1.123,1.035,1.035,1.123,1.123,1.123,1.035,1.035,1.123,1.123,1.035,1.035,0.924
2022-09-10,58.33333333333334,46.66666666666666,45.49999999999999,45.49999999999999,47.24999999999999,52.5,52.5,52.5,50.45833333333333,49.0,46.08333333333332,41.99999999999999,41.99999999999999,41.99999999999999,48.99999999999999,47.24999999999999,41.99999999999999,36.16666666666666,36.74999999999999,52.5,52.5,52.5,49.58333333333333,49.0,18.0,19.0,17.0,17.0,17.0,18.0,18.0,18.0,18.0,17.0,17.0,12.0,12.0,12.0,13.0,13.0,12.0,16.0,15.0,18.0,18.0,18.0,18.0,17.0,9.833333333333332,8.166666666666666,8.0,8.0,8.25,9.0,9.0,9.0,8.416666666666666,7.999999999999999,7.583333333333333,6.999999999999999,6.999999999999999,6.999999999999999,7.999999999999998,7.749999999999998,6.999999999999999,6.166666666666666,6.333333333333333,9.0,9.0,9.0,8.166666666666666,7.999999999999999,58.33333333333333,46.66666666666666,45.49999999999999,45.49999999999999,47.24999999999999,52.5,52.5,52.5,50.45833333333333,49.0,46.08333333333333,41.999999999999986,41.999999999999986,41.999999999999986,48.999999999999986,47.249999999999986,41.999999999999986,36.16666666666666,36.74999999999999,52.5,52.5,52.5,49.58333333333333,49.0,0.8560000000000001,0.8560000000000001,0.8560000000000001,0.8560000000000001,0.8560000000000001,0.8560000000000001,0.8560000000000001,0.8325,0.8325,0.657,0.657,0.657,0.8325,0.8325,0.657,0.657,0.657,0.8325,0.8325,0.657,0.657,0.6350000000000001,0.6350000000000001,0.7460000000000001,0.924,0.924,0.924,0.924,0.924,0.924,0.924,1.035,1.035,1.123,1.123,1.123,1.035,1.035,1.123,1.123,1.123,1.035,1.035,1.123,1.123,1.035,1.035,0.924
2022-09-11,49.0,46.08333333333332,46.08333333333333,49.0,49.0,49.0,49.0,49.0,49.0,49.0,49.0,49.0,49.0,49.0,43.75,24.5,21.0,21.0,22.166666666666664,28.0,29.166666666666657,41.99999999999999,44.91666666666666,60.08333333333334,17.0,17.0,16.0,17.0,17.0,17.0,17.0,17.0,17.0,17.0,17.0,17.0,15.0,13.0,13.0,15.0,12.0,11.0,13.0,14.0,14.0,15.0,16.0,18.0,7.999999999999999,7.583333333333333,7.583333333333332,7.999999999999999,7.999999999999999,7.999999999999999,7.999999999999999,7.999999999999999,7.999999999999999,7.999999999999999,7.999999999999999,7.999999999999999,7.999999999999999,7.999999999999999,7.249999999999998,4.499999999999998,3.999999999999998,3.999999999999998,4.166666666666665,4.999999999999999,5.166666666666666,6.999999999999998,7.416666666666664,9.58333333333333,49.0,46.08333333333333,46.08333333333333,49.0,49.0,49.0,49.0,49.0,49.0,49.0,49.0,49.0,49.0,49.0,43.74999999999999,24.499999999999993,20.999999999999993,20.999999999999993,22.16666666666666,27.999999999999996,29.166666666666664,41.99999999999999,44.91666666666666,60.08333333333333,0.8560000000000001,0.8560000000000001,0.8560000000000001,0.8560000000000001,0.8560000000000001,0.8560000000000001,0.8560000000000001,0.8325,0.8325,0.657,0.657,0.657,0.8325,0.8325,0.657,0.657,0.657,0.8325,0.8325,0.657,0.657,0.6350000000000001,0.6350000000000001,0.7460000000000001,0.924,0.924,0.924,0.924,0.924,0.924,0.924,1.035,1.035,1.123,1.123,1.123,1.035,1.035,1.123,1.123,1.123,1.035,1.035,1.123,1.123,1.035,1.035,0.924
2022-09-12,63.0,63.0,63.0,63.0,63.0,63.0,63.0,63.0,63.0,63.0,63.0,66.49999999999999,72.91666666666666,66.49999999999999,64.16666666666664,67.66666666666666,59.208333333333336,47.833333333333336,54.83333333333332,59.79166666666666,67.66666666666666,69.99999999999999,73.49999999999997,76.99999999999997,19.0,19.0,19.0,19.0,19.0,19.0,19.0,19.0,19.0,19.0,19.0,19.0,16.0,15.0,15.0,14.0,15.0,12.0,12.0,13.0,19.0,20.0,20.0,21.0,9.999999999999996,9.999999999999996,9.999999999999996,9.999999999999996,9.999999999999996,9.999999999999996,9.999999999999996,9.999999999999996,9.999999999999996,9.999999999999996,9.999999999999996,9.999999999999998,10.916666666666666,10.0,9.666666666666666,10.166666666666666,8.583333333333332,6.833333333333332,7.833333333333334,8.916666666666668,10.333333333333332,10.999999999999998,11.499999999999998,11.999999999999998,63.0,63.0,63.0,63.0,63.0,63.0,63.0,63.0,63.0,63.0,63.0,66.5,72.91666666666666,66.5,64.16666666666666,67.66666666666666,59.20833333333333,47.83333333333333,54.83333333333333,59.791666666666664,67.66666666666666,69.99999999999999,73.49999999999999,76.99999999999999,0.8560000000000001,0.8560000000000001,0.8560000000000001,0.8560000000000001,0.8560000000000001,0.8560000000000001,0.8560000000000001,0.8325,0.8325,0.657,0.657,0.657,0.8325,0.8325,0.657,0.657,0.657,0.8325,0.8325,0.657,0.657,0.6350000000000001,0.6350000000000001,0.7460000000000001,0.924,0.924,0.924,0.924,0.924,0.924,0.924,1.035,1.035,1.123,1.123,1.123,1.035,1.035,1.123,1.123,1.123,1.035,1.035,1.123,1.123,1.035,1.035,0.924
2022-09-13,71.16666666666666,69.99999999999999,69.99999999999999,69.99999999999999,69.99999999999999,69.99999999999999,69.99999999999999,72.33333333333333,71.45833333333333,80.5,91.29166666666666,91.0,91.0,91.0,91.0,92.75,88.66666666666666,81.08333333333331,50.16666666666666,46.08333333333332,56.00000000000001,56.00000000000001,56.00000000000001,58.91666666666666,21.0,20.0,20.0,20.0,20.0,20.0,20.0,20.0,21.0,22.0,22.0,19.0,19.0,19.0,19.0,20.0,19.0,18.0,14.0,13.0,18.0,18.0,18.0,18.0,11.166666666666664,10.999999999999998,10.999999999999998,10.999999999999998,10.999999999999998,10.999999999999998,10.999999999999998,11.333333333333332,11.333333333333332,13.0,14.416666666666666,14.0,14.0,14.0,14.0,14.249999999999998,13.666666666666668,12.583333333333332,8.166666666666664,7.499999999999998,8.999999999999996,8.999999999999996,8.999999999999996,9.416666666666666,71.16666666666666,69.99999999999999,69.99999999999999,69.99999999999999,69.99999999999999,69.99999999999999,69.99999999999999,72.33333333333331,71.45833333333333,80.5,91.29166666666669,91.0,91.0,91.0,91.0,92.75,88.66666666666666,81.08333333333333,50.16666666666666,46.08333333333333,55.99999999999999,55.99999999999999,55.99999999999999,58.91666666666666,0.8560000000000001,0.8560000000000001,0.8560000000000001,0.8560000000000001,0.8560000000000001,0.8560000000000001,0.8560000000000001,0.8325,0.8325,0.657,0.657,0.657,0.8325,0.8325,0.657,0.657,0.657,0.8325,0.8325,0.657,0.657,0.6350000000000001,0.6350000000000001,0.7460000000000001,0.924,0.924,0.924,0.924,0.924,0.924,0.924,1.035,1.035,1.123,1.123,1.123,1.035,1.035,1.123,1.123,1.123,1.035,1.035,1.123,1.123,1.035,1.035,0.924
2022-09-14,62.99999999999999,62.99999999999999,62.99999999999999,62.99999999999999,62.99999999999999,62.99999999999999,62.99999999999999,62.99999999999999,62.99999999999999,62.99999999999999,62.99999999999999,62.99999999999999,62.99999999999999,62.99999999999999,62.99999999999999,62.99999999999999,62.99999999999999,62.99999999999999,62.99999999999999,62.99999999999999,62.99999999999999,62.99999999999999,62.99999999999999,62.99999999999999,19.0,19.0,19.0,19.0,19.0,19.0,19.0,19.0,19.0,19.0,19.0,19.0,19.0,19.0,19.0,19.0,19.0,19.0,19.0,19.0,19.0,19.0,19.0,19.0,9.999999999999998,9.999999999999998,9.999999999999998,9.999999999999998,9.999999999999998,9.999999999999998,9.999999999999998,9.999999999999998,9.999999999999998,9.999999999999998,9.999999999999998,9.999999999999998,9.999999999999998,9.999999999999998,9.999999999999998,9.999999999999998,9.999999999999998,9.999999999999998,9.999999999999998,9.999999999999998,9.999999999999998,9.999999999999998,9.999999999999998,9.999999999999998,62.999999999999986,62.999999999999986,62.999999999999986,62.999999999999986,62.999999999999986,62.999999999999986,62.999999999999986,62.999999999999986,62.999999999999986,62.999999999999986,62.999999999999986,62.999999999999986,62.999999999999986,62.999999999999986,62.999999999999986,62.999999999999986,62.999999999999986,62.999999999999986,62.999999999999986,62.999999999999986,62.999999999999986,62.999999999999986,62.999999999999986,62.999999999999986,0.8560000000000001,0.8560000000000001,0.8560000000000001,0.8560000000000001,0.8560000000000001,0.8560000000000001,0.8560000000000001,0.8325,0.8325,0.657,0.657,0.657,0.8325,0.8325,0.657,0.657,0.657,0.8325,0.8325,0.657,0.657,0.6350000000000001,0.6350000000000001,0.7460000000000001,0.924,0.924,0.924,0.924,0.924,0.924,0.924,1.035,1.035,1.123,1.123,1.123,1.035,1.035,1.123,1.123,1.123,1.035,1.035,1.123,1.123,1.035,1.035,0.924
2022-09-15,62.99999999999999,62.99999999999999,62.99999999999999,62.99999999999999,62.99999999999999,66.49999999999999,66.49999999999999,72.33333333333333,86.91666666666666,86.04166666666666,102.66666666666666,108.5,108.5,102.08333333333331,94.5,86.33333333333333,77.58333333333331,73.79166666666666,62.41666666666665,66.5,64.74999999999999,69.99999999999999,69.99999999999999,69.99999999999999,19.0,19.0,19.0,19.0,19.0,20.0,20.0,20.0,21.0,22.0,24.0,22.0,22.0,22.0,20.0,20.0,17.0,17.0,16.0,20.0,20.0,20.0,20.0,20.0,9.999999999999998,9.999999999999998,9.999999999999998,9.999999999999998,9.999999999999998,11.0,11.0,11.833333333333332,13.916666666666668,13.666666666666668,16.166666666666664,17.0,17.0,16.083333333333332,14.999999999999998,13.666666666666664,12.083333333333332,11.833333333333332,10.416666666666664,11.0,10.333333333333332,10.999999999999998,10.999999999999998,10.999999999999998,62.999999999999986,62.999999999999986,62.999999999999986,62.999999999999986,62.999999999999986,66.5,66.5,72.33333333333333,86.91666666666666,86.04166666666666,102.66666666666666,108.5,108.5,102.08333333333331,94.5,86.33333333333333,77.58333333333331,73.79166666666666,62.41666666666666,66.5,64.75,69.99999999999999,69.99999999999999,69.99999999999999,0.8560000000000001,0.8560000000000001,0.8560000000000001,0.8560000000000001,0.8560000000000001,0.8560000000000001,0.8560000000000001,0.8325,0.8325,0.657,0.657,0.657,0.8325,0.8325,0.657,0.657,0.657,0.8325,0.8325,0.657,0.657,0.6350000000000001,0.6350000000000001,0.7460000000000001,0.924,0.924,0.924,0.924,0.924,0.924,0.924,1.035,1.035,1.123,1.123,1.123,1.035,1.035,1.123,1.123,1.123,1.035,1.035,1.123,1.123,1.035,1.035,0.924
2022-09-16,69.99999999999999,69.99999999999999,69.99999999999999,69.99999999999999,69.99999999999999,69.99999999999999,69.99999999999999,73.20833333333331,74.66666666666666,81.08333333333331,77.0,86.91666666666666,91.0,86.91666666666666,81.37499999999997,77.87499999999997,80.49999999999999,75.83333333333331,67.08333333333331,68.24999999999999,69.41666666666666,71.75,71.16666666666667,73.49999999999999,20.0,20.0,20.0,20.0,20.0,20.0,20.0,21.0,20.0,22.0,21.0,17.0,19.0,19.0,18.0,17.0,17.0,18.0,16.0,16.0,20.0,21.0,20.0,20.0,10.999999999999998,10.999999999999998,10.999999999999998,10.999999999999998,10.999999999999998,10.999999999999998,10.999999999999998,11.416666666666664,11.666666666666666,12.499999999999998,12.0,13.416666666666664,14.0,13.416666666666666,12.666666666666666,12.166666666666664,12.499999999999998,11.833333333333332,10.75,11.25,11.416666666666664,11.749999999999996,11.666666666666664,12.0,69.99999999999999,69.99999999999999,69.99999999999999,69.99999999999999,69.99999999999999,69.99999999999999,69.99999999999999,73.20833333333333,74.66666666666666,81.08333333333333,77.0,86.91666666666666,91.0,86.91666666666666,81.37499999999999,77.87499999999999,80.49999999999999,75.83333333333331,67.08333333333333,68.24999999999999,69.41666666666666,71.74999999999999,71.16666666666666,73.49999999999999,0.8560000000000001,0.8560000000000001,0.8560000000000001,0.8560000000000001,0.8560000000000001,0.8560000000000001,0.8560000000000001,0.8325,0.8325,0.657,0.657,0.657,0.8325,0.8325,0.657,0.657,0.657,0.8325,0.8325,0.657,0.657,0.6350000000000001,0.6350000000000001,0.7460000000000001,0.924,0.924,0.924,0.924,0.924,0.924,0.924,1.035,1.035,1.123,1.123,1.123,1.035,1.035,1.123,1.123,1.123,1.035,1.035,1.123,1.123,1.035,1.035,0.924
2022-09-17,85.74999999999997,87.49999999999997,87.49999999999997,87.49999999999997,87.49999999999997,87.49999999999997,87.49999999999997,87.49999999999997,94.5,90.70833333333331,78.74999999999999,68.54166666666666,70.58333333333333,64.75,53.958333333333314,50.458333333333314,46.083333333333314,46.66666666666666,40.54166666666666,44.91666666666666,64.74999999999999,69.99999999999999,75.83333333333331,72.33333333333331,22.0,23.0,23.0,23.0,23.0,23.0,23.0,23.0,23.0,25.0,22.0,16.0,16.0,16.0,14.0,14.0,13.0,13.0,12.0,12.0,14.0,18.0,20.0,22.0,13.75,14.0,14.0,14.0,14.0,14.0,14.0,14.0,14.999999999999996,14.333333333333332,12.5,10.249999999999998,10.75,10.249999999999998,8.75,8.416666666666666,7.166666666666666,7.083333333333333,6.333333333333333,7.416666666666665,10.25,10.999999999999998,11.83333333333333,11.249999999999996,85.74999999999999,87.49999999999999,87.49999999999999,87.49999999999999,87.49999999999999,87.49999999999999,87.49999999999999,87.49999999999999,94.5,90.70833333333331,78.74999999999999,68.54166666666666,70.58333333333333,64.74999999999999,53.95833333333332,50.45833333333332,46.08333333333333,46.666666666666664,40.54166666666666,44.91666666666666,64.75,69.99999999999999,75.83333333333331,72.33333333333333,0.8560000000000001,0.8560000000000001,0.8560000000000001,0.8560000000000001,0.8560000000000001,0.8560000000000001,0.8560000000000001,0.8325,0.8325,0.657,0.657,0.657,0.8325,0.8325,0.657,0.657,0.657,0.8325,0.8325,0.657,0.657,0.6350000000000001,0.6350000000000001,0.7460000000000001,0.924,0.924,0.924,0.924,0.924,0.924,0.924,1.035,1.035,1.123,1.123,1.123,1.035,1.035,1.123,1.123,1.123,1.035,1.035,1.123,1.123,1.035,1.035,0.924
2022-09-18,72.91666666666664,69.99999999999999,73.79166666666666,69.99999999999999,69.99999999999999,69.99999999999999,69.99999999999999,69.99999999999999,75.24999999999999,75.24999999999999,69.99999999999999,54.25,45.5,45.5,40.24999999999999,48.41666666666666,56.0,58.33333333333333,67.66666666666666,70.0,61.83333333333332,63.58333333333334,66.5,73.49999999999999,21.0,20.0,17.0,20.0,20.0,18.0,20.0,20.0,20.0,21.0,18.0,16.0,12.0,12.0,12.0,12.0,14.0,13.0,19.0,20.0,19.0,19.0,20.0,21.0,11.416666666666666,10.999999999999998,11.583333333333332,10.999999999999998,10.999999999999998,10.999999999999998,10.999999999999998,10.999999999999998,11.749999999999998,11.749999999999998,10.999999999999998,8.333333333333332,6.999999999999999,6.999999999999999,6.249999999999999,7.916666666666664,8.999999999999998,9.083333333333332,10.666666666666664,10.999999999999996,9.999999999999998,10.583333333333332,10.999999999999998,12.0,72.91666666666666,69.99999999999999,73.79166666666666,69.99999999999999,69.99999999999999,69.99999999999999,69.99999999999999,69.99999999999999,75.24999999999999,75.24999999999999,69.99999999999999,54.25,45.5,45.5,40.24999999999999,48.41666666666666,55.99999999999999,58.333333333333336,67.66666666666666,69.99999999999999,61.83333333333333,63.58333333333333,66.5,73.49999999999999,0.8560000000000001,0.8560000000000001,0.8560000000000001,0.8560000000000001,0.8560000000000001,0.8560000000000001,0.8560000000000001,0.8325,0.8325,0.657,0.657,0.657,0.8325,0.8325,0.657,0.657,0.657,0.8325,0.8325,0.657,0.657,0.6350000000000001,0.6350000000000001,0.7460000000000001,0.924,0.924,0.924,0.924,0.924,0.924,0.924,1.035,1.035,1.123,1.123,1.123,1.035,1.035,1.123,1.123,1.123,1.035,1.035,1.123,1.123,1.035,1.035,0.924
2022-09-19,73.49999999999999,73.49999999999999,73.49999999999999,73.49999999999999,71.16666666666667,66.5,66.5,59.79166666666666,65.625,67.37499999999997,51.91666666666666,60.66666666666665,62.99999999999999,58.91666666666665,56.875,52.5,54.83333333333333,62.12499999999999,51.91666666666666,58.62500000000001,61.24999999999999,74.08333333333333,82.83333333333331,87.49999999999997,21.0,21.0,21.0,21.0,21.0,20.0,20.0,19.0,19.0,21.0,18.0,15.0,15.0,15.0,15.0,13.0,13.0,14.0,16.0,18.0,19.0,20.0,22.0,23.0,12.0,12.0,12.0,12.0,11.666666666666664,10.999999999999998,10.999999999999998,9.666666666666664,10.75,10.833333333333332,8.416666666666666,9.583333333333332,10.0,9.416666666666668,9.083333333333332,8.0,8.333333333333332,9.416666666666666,8.416666666666664,9.749999999999998,10.25,12.083333333333332,13.333333333333334,14.0,73.49999999999999,73.49999999999999,73.49999999999999,73.49999999999999,71.16666666666666,66.5,66.5,59.791666666666664,65.62499999999999,67.37499999999999,51.916666666666664,60.66666666666666,62.999999999999986,58.91666666666666,56.87499999999999,52.5,54.83333333333333,62.124999999999986,51.91666666666666,58.62499999999999,61.24999999999999,74.08333333333333,82.83333333333331,87.49999999999999,0.8560000000000001,0.8560000000000001,0.8560000000000001,0.8560000000000001,0.8560000000000001,0.8560000000000001,0.8560000000000001,0.8325,0.8325,0.657,0.657,0.657,0.8325,0.8325,0.657,0.657,0.657,0.8325,0.8325,0.657,0.657,0.6350000000000001,0.6350000000000001,0.7460000000000001,0.924,0.924,0.924,0.924,0.924,0.924,0.924,1.035,1.035,1.123,1.123,1.123,1.035,1.035,1.123,1.123,1.123,1.035,1.035,1.123,1.123,1.035,1.035,0.924
2022-09-20,80.20833333333331,86.91666666666663,87.49999999999997,87.49999999999997,87.49999999999997,87.49999999999997,87.49999999999997,78.74999999999997,78.16666666666664,77.58333333333334,94.5,98.0,98.0,95.08333333333334,91.29166666666666,91.0,90.41666666666669,93.33333333333331,63.0,52.5,70.0,82.24999999999999,83.99999999999999,83.99999999999999,30.0,23.0,23.0,23.0,23.0,23.0,23.0,21.0,22.0,21.0,20.0,20.0,20.0,20.0,20.0,19.0,19.0,20.0,16.0,18.0,20.0,22.0,22.0,22.0,12.833333333333332,13.916666666666666,14.0,14.0,14.0,14.0,14.0,11.916666666666666,12.166666666666666,12.08333333333333,14.499999999999996,14.999999999999996,14.999999999999996,14.58333333333333,14.083333333333332,14.0,13.916666666666664,14.333333333333332,10.0,8.416666666666664,10.999999999999996,12.749999999999998,12.999999999999998,12.999999999999998,80.20833333333331,86.91666666666664,87.49999999999999,87.49999999999999,87.49999999999999,87.49999999999999,87.49999999999999,78.74999999999999,78.16666666666666,77.58333333333333,94.5,98.0,98.0,95.08333333333331,91.29166666666666,91.0,90.41666666666666,93.33333333333331,62.99999999999999,52.49999999999999,69.99999999999999,82.24999999999999,83.99999999999997,83.99999999999997,0.7460000000000001,0.8560000000000001,0.8560000000000001,0.8560000000000001,0.8560000000000001,0.8560000000000001,0.8560000000000001,0.8325,0.8325,0.657,0.657,0.657,0.8325,0.8325,0.657,0.657,0.657,0.8325,0.8325,0.657,0.657,0.6350000000000001,0.6350000000000001,0.7460000000000001,0.924,0.924,0.924,0.924,0.924,0.924,0.924,1.035,1.035,1.123,1.123,1.123,1.035,1.035,1.123,1.123,1.123,1.035,1.035,1.123,1.123,1.035,1.035,0.924
2022-09-21,83.41666666666666,76.99999999999999,76.99999999999999,76.99999999999999,76.99999999999999,76.99999999999999,76.99999999999999,63.87499999999999,68.25,70.0,71.75,88.66666666666666,90.41666666666666,81.08333333333333,74.375,73.5,73.5,62.70833333333333,51.91666666666666,67.66666666666666,76.41666666666666,61.24999999999999,76.99999999999999,76.99999999999999,22.0,21.0,20.0,21.0,21.0,21.0,21.0,19.0,18.0,20.0,20.0,21.0,19.0,18.0,17.0,16.0,16.0,16.0,19.0,20.0,21.0,20.0,21.0,21.0,12.916666666666664,11.999999999999998,11.999999999999998,11.999999999999998,11.999999999999998,11.999999999999998,11.999999999999998,9.749999999999998,10.75,11.0,11.249999999999998,13.666666666666664,13.916666666666664,12.583333333333332,11.25,11.0,11.0,9.749999999999998,8.249999999999996,10.583333333333332,11.916666666666664,9.583333333333332,11.999999999999998,11.999999999999998,83.41666666666664,77.0,77.0,77.0,77.0,77.0,77.0,63.87499999999999,68.25,70.0,71.75,88.66666666666666,90.41666666666666,81.08333333333333,74.375,73.5,73.5,62.70833333333333,51.91666666666666,67.66666666666666,76.41666666666666,61.24999999999999,77.0,77.0,0.8560000000000001,0.8560000000000001,0.8560000000000001,0.8560000000000001,0.8560000000000001,0.8560000000000001,0.8560000000000001,0.8325,0.8325,0.657,0.657,0.657,0.8325,0.8325,0.657,0.657,0.657,0.8325,0.8325,0.657,0.657,0.6350000000000001,0.6350000000000001,0.7460000000000001,0.924,0.924,0.924,0.924,0.924,0.924,0.924,1.035,1.035,1.123,1.123,1.123,1.035,1.035,1.123,1.123,1.123,1.035,1.035,1.123,1.123,1.035,1.035,0.924
2022-09-22,76.99999999999999,70.58333333333333,76.99999999999999,76.99999999999999,76.99999999999999,76.99999999999999,76.99999999999999,77.87499999999997,76.99999999999999,79.33333333333334,75.83333333333331,83.99999999999999,83.99999999999999,83.70833333333331,80.49999999999999,82.54166666666664,76.99999999999997,85.16666666666666,72.91666666666667,70.58333333333334,68.54166666666667,64.16666666666667,73.49999999999999,76.99999999999999,21.0,21.0,21.0,21.0,21.0,21.0,21.0,21.0,21.0,22.0,20.0,18.0,18.0,18.0,17.0,17.0,17.0,17.0,20.0,21.0,20.0,20.0,19.0,21.0,11.999999999999998,10.999999999999998,11.999999999999998,11.999999999999998,11.999999999999998,11.999999999999998,11.999999999999998,11.833333333333332,11.999999999999998,12.333333333333332,11.833333333333332,13.0,13.0,12.666666666666666,12.0,12.666666666666666,12.0,13.166666666666666,11.416666666666664,11.083333333333329,10.583333333333329,10.166666666666664,11.499999999999998,11.999999999999998,77.0,70.58333333333333,77.0,77.0,77.0,77.0,77.0,77.87499999999999,76.99999999999999,79.33333333333333,75.83333333333333,83.99999999999999,83.99999999999999,83.70833333333333,80.49999999999999,82.54166666666666,76.99999999999999,85.16666666666666,72.91666666666666,70.58333333333331,68.54166666666666,64.16666666666666,73.5,77.0,0.8560000000000001,0.8560000000000001,0.8560000000000001,0.8560000000000001,0.8560000000000001,0.8560000000000001,0.8560000000000001,0.8325,0.8325,0.8325,0.657,0.657,0.8325,0.8325,0.657,0.657,0.657,0.8325,0.8325,0.657,0.657,0.6350000000000001,0.6350000000000001,0.7460000000000001,0.924,0.924,0.924,0.924,0.924,0.924,0.924,1.035,1.035,1.035,1.123,1.123,1.035,1.035,1.123,1.123,1.123,1.035,1.035,1.123,1.123,1.035,1.035,0.924
2022-09-23,76.99999999999999,76.99999999999999,76.99999999999999,76.99999999999999,76.99999999999999,76.99999999999999,76.99999999999999,67.66666666666667,70.58333333333333,83.99999999999999,80.49999999999999,80.5,80.5,84.58333333333334,94.5,85.75,78.75,67.95833333333334,65.33333333333334,58.91666666666666,52.5,51.91666666666666,52.5,59.50000000000001,21.0,19.0,19.0,21.0,21.0,21.0,21.0,20.0,20.0,22.0,22.0,22.0,22.0,22.0,24.0,24.0,20.0,20.0,21.0,20.0,18.0,17.0,18.0,19.0,11.999999999999998,11.999999999999998,11.999999999999998,11.999999999999998,11.999999999999998,11.999999999999998,11.999999999999998,10.416666666666664,11.083333333333332,13.0,12.833333333333334,13.0,13.0,13.583333333333332,15.0,13.749999999999998,12.58333333333333,10.999999999999998,10.833333333333332,9.916666666666666,9.0,8.833333333333332,9.0,9.999999999999998,77.0,77.0,77.0,77.0,77.0,77.0,77.0,67.66666666666666,70.58333333333333,83.99999999999999,80.5,80.5,80.5,84.58333333333333,94.5,85.74999999999999,78.74999999999999,67.95833333333333,65.33333333333333,58.916666666666664,52.5,51.916666666666664,52.5,59.5,0.8560000000000001,0.8560000000000001,0.8560000000000001,0.8560000000000001,0.8560000000000001,0.8560000000000001,0.8560000000000001,0.8560000000000001,0.8325,0.657,0.657,0.657,0.8325,0.8325,0.657,0.657,0.657,0.8325,0.8325,0.657,0.657,0.6350000000000001,0.6350000000000001,0.7460000000000001,0.924,0.924,0.924,0.924,0.924,0.924,0.924,0.924,1.035,1.123,1.123,1.123,1.035,1.035,1.123,1.123,1.123,1.035,1.035,1.123,1.123,1.035,1.035,0.924
2022-09-24,59.50000000000001,59.50000000000001,59.50000000000001,59.50000000000001,59.50000000000001,59.50000000000001,59.50000000000001,59.50000000000001,59.50000000000001,55.41666666666667,54.833333333333336,49.0,49.0,43.16666666666666,40.83333333333332,46.958333333333314,52.49999999999999,50.16666666666665,45.49999999999999,58.91666666666665,76.99999999999999,81.08333333333331,81.95833333333331,87.49999999999997,19.0,19.0,19.0,19.0,19.0,19.0,19.0,19.0,19.0,19.0,19.0,13.0,13.0,13.0,12.0,13.0,14.0,14.0,17.0,17.0,21.0,22.0,30.0,23.0,9.999999999999998,9.999999999999998,9.999999999999998,9.999999999999998,9.999999999999998,9.999999999999998,9.999999999999998,9.999999999999998,9.999999999999998,9.416666666666664,9.166666666666666,7.999999999999999,7.999999999999999,7.166666666666665,7.083333333333333,8.083333333333332,9.0,8.666666666666666,8.0,9.916666666666666,12.5,13.083333333333332,13.083333333333332,14.0,59.5,59.5,59.5,59.5,59.5,59.5,59.5,59.5,59.5,55.416666666666664,54.83333333333333,49.0,49.0,43.16666666666666,40.83333333333333,46.95833333333332,52.499999999999986,50.16666666666666,45.49999999999999,58.91666666666666,76.99999999999999,81.08333333333331,81.95833333333331,87.49999999999999,0.8560000000000001,0.8560000000000001,0.8560000000000001,0.8560000000000001,0.8560000000000001,0.8560000000000001,0.8560000000000001,0.8325,0.8325,0.657,0.657,0.657,0.8325,0.8325,0.8325,0.657,0.657,0.8325,0.8325,0.657,0.657,0.6350000000000001,0.6350000000000001,0.7460000000000001,0.924,0.924,0.924,0.924,0.924,0.924,0.924,1.035,1.035,1.123,1.123,1.123,1.035,1.035,1.035,1.123,1.123,1.035,1.035,1.123,1.123,1.035,1.035,0.924
2022-09-25,87.49999999999997,87.49999999999997,87.49999999999997,87.49999999999997,87.49999999999997,87.49999999999997,87.49999999999997,82.83333333333333,80.49999999999999,81.08333333333331,87.49999999999999,79.33333333333331,73.49999999999999,80.49999999999999,72.33333333333331,63.0,67.37499999999999,61.83333333333333,56.00000000000001,53.375,52.5,52.20833333333333,49.0,51.91666666666667,23.0,23.0,23.0,23.0,23.0,23.0,23.0,23.0,22.0,22.0,23.0,23.0,17.0,18.0,18.0,16.0,16.0,14.0,13.0,17.0,17.0,17.0,17.0,17.0,14.0,14.0,14.0,14.0,14.0,14.0,14.0,13.333333333333332,13.0,13.083333333333332,14.0,12.833333333333334,12.0,13.0,11.833333333333332,10.5,10.75,8.833333333333332,7.999999999999997,7.999999999999999,7.999999999999999,8.333333333333332,7.999999999999999,8.416666666666664,87.49999999999999,87.49999999999999,87.49999999999999,87.49999999999999,87.49999999999999,87.49999999999999,87.49999999999999,82.83333333333331,80.49999999999999,81.08333333333331,87.49999999999999,79.33333333333331,73.49999999999999,80.49999999999999,72.33333333333333,62.99999999999999,67.37499999999999,61.83333333333332,55.99999999999999,53.375,52.5,52.20833333333333,49.0,51.916666666666664,0.8560000000000001,0.8560000000000001,0.8560000000000001,0.8560000000000001,0.8560000000000001,0.8560000000000001,0.8560000000000001,0.8560000000000001,0.8325,0.657,0.657,0.657,0.8325,0.8325,0.657,0.657,0.657,0.8325,0.8325,0.657,0.657,0.6350000000000001,0.6350000000000001,0.7460000000000001,0.924,0.924,0.924,0.924,0.924,0.924,0.924,0.924,1.035,1.123,1.123,1.123,1.035,1.035,1.123,1.123,1.123,1.035,1.035,1.123,1.123,1.035,1.035,0.924
2022-09-26,56.00000000000001,56.00000000000001,56.00000000000001,56.00000000000001,56.00000000000001,56.00000000000001,56.00000000000001,51.04166666666666,45.49999999999999,55.99999999999998,62.99999999999999,62.99999999999999,62.99999999999999,66.49999999999997,74.08333333333331,75.83333333333333,80.5,72.91666666666666,72.04166666666666,71.16666666666666,69.41666666666666,62.99999999999999,62.99999999999999,62.99999999999999,18.0,18.0,18.0,18.0,18.0,18.0,18.0,18.0,17.0,18.0,18.0,15.0,15.0,15.0,17.0,18.0,18.0,18.0,16.0,21.0,20.0,19.0,19.0,19.0,8.999999999999996,8.999999999999996,8.999999999999996,8.999999999999996,8.999999999999996,8.999999999999996,8.999999999999996,8.166666666666664,7.499999999999998,8.999999999999998,10.0,10.0,10.0,10.666666666666668,12.083333333333332,12.333333333333332,13.0,11.916666666666668,11.416666666666664,11.166666666666664,10.916666666666664,9.999999999999998,9.999999999999998,9.999999999999998,55.99999999999999,55.99999999999999,55.99999999999999,55.99999999999999,55.99999999999999,55.99999999999999,55.99999999999999,51.041666666666664,45.499999999999986,55.99999999999999,62.999999999999986,62.999999999999986,62.999999999999986,66.49999999999999,74.08333333333333,75.83333333333333,80.5,72.91666666666666,72.04166666666666,71.16666666666666,69.41666666666666,62.999999999999986,62.999999999999986,62.999999999999986,0.8560000000000001,0.8560000000000001,0.8560000000000001,0.8560000000000001,0.8560000000000001,0.8560000000000001,0.8560000000000001,0.8560000000000001,0.8325,0.657,0.657,0.657,0.8325,0.8325,0.657,0.657,0.657,0.8325,0.8325,0.657,0.657,0.6350000000000001,0.6350000000000001,0.7460000000000001,0.924,0.924,0.924,0.924,0.924,0.924,0.924,0.924,1.035,1.123,1.123,1.123,1.035,1.035,1.123,1.123,1.123,1.035,1.035,1.123,1.123,1.035,1.035,0.924
2022-09-27,62.99999999999999,62.99999999999999,62.99999999999999,62.99999999999999,62.99999999999999,62.99999999999999,58.91666666666667,54.54166666666667,50.16666666666665,50.74999999999999,48.99999999999999,48.99999999999999,48.99999999999999,48.99999999999999,48.99999999999999,55.41666666666665,61.24999999999999,60.08333333333333,56.58333333333333,61.25,63.0,60.08333333333332,62.99999999999999,62.99999999999999,19.0,19.0,19.0,19.0,19.0,19.0,19.0,18.0,18.0,18.0,17.0,17.0,17.0,15.0,17.0,17.0,18.0,19.0,18.0,19.0,19.0,19.0,19.0,19.0,9.999999999999998,9.999999999999998,9.999999999999998,9.999999999999998,9.999999999999998,9.999999999999998,9.416666666666664,8.58333333333333,8.166666666666666,8.249999999999998,7.999999999999998,7.999999999999998,7.999999999999998,7.999999999999998,7.999999999999998,8.916666666666664,9.749999999999998,9.583333333333332,9.083333333333332,9.749999999999998,9.999999999999996,9.583333333333332,9.999999999999998,9.999999999999998,62.999999999999986,62.999999999999986,62.999999999999986,62.999999999999986,62.999999999999986,62.999999999999986,58.91666666666666,54.541666666666664,50.16666666666666,50.749999999999986,48.999999999999986,48.999999999999986,48.999999999999986,48.999999999999986,48.999999999999986,55.41666666666666,61.25,60.08333333333333,56.58333333333333,61.25,63.0,60.08333333333333,62.999999999999986,62.999999999999986,0.8560000000000001,0.8560000000000001,0.8560000000000001,0.8560000000000001,0.8560000000000001,0.8560000000000001,0.8560000000000001,0.8325,0.8325,0.657,0.657,0.657,0.8325,0.8325,0.657,0.657,0.657,0.8325,0.8325,0.657,0.657,0.6350000000000001,0.6350000000000001,0.7460000000000001,0.924,0.924,0.924,0.924,0.924,0.924,0.924,1.035,1.035,1.123,1.123,1.123,1.035,1.035,1.123,1.123,1.123,1.035,1.035,1.123,1.123,1.035,1.035,0.924
2022-09-28,62.99999999999999,62.99999999999999,62.99999999999999,62.99999999999999,62.99999999999999,62.99999999999999,62.99999999999999,58.91666666666667,58.91666666666667,64.75,67.08333333333331,55.99999999999998,55.99999999999998,67.66666666666664,65.33333333333331,69.99999999999999,69.99999999999999,56.583333333333314,53.083333333333314,55.41666666666665,46.083333333333314,41.99999999999999,41.99999999999999,41.99999999999999,19.0,19.0,19.0,19.0,19.0,19.0,19.0,19.0,18.0,19.0,20.0,18.0,14.0,14.0,16.0,16.0,16.0,16.0,17.0,18.0,17.0,16.0,16.0,16.0,9.999999999999998,9.999999999999998,9.999999999999998,9.999999999999998,9.999999999999998,9.999999999999998,9.999999999999998,9.166666666666664,9.416666666666664,10.166666666666664,10.58333333333333,8.999999999999998,8.999999999999998,10.666666666666666,10.333333333333332,11.0,11.0,9.083333333333332,8.583333333333332,8.916666666666664,7.583333333333332,6.999999999999999,6.999999999999999,6.999999999999999,62.999999999999986,62.999999999999986,62.999999999999986,62.999999999999986,62.999999999999986,62.999999999999986,62.999999999999986,58.91666666666666,58.916666666666664,64.74999999999999,67.08333333333333,55.99999999999999,55.99999999999999,67.66666666666666,65.33333333333331,69.99999999999999,69.99999999999999,56.58333333333332,53.08333333333332,55.41666666666666,46.08333333333332,41.999999999999986,41.999999999999986,41.999999999999986,0.8560000000000001,0.8560000000000001,0.8560000000000001,0.8560000000000001,0.8560000000000001,0.8560000000000001,0.8560000000000001,0.8560000000000001,0.8325,0.657,0.657,0.657,0.8325,0.8325,0.657,0.657,0.657,0.8325,0.8325,0.657,0.657,0.657,0.6350000000000001,0.7460000000000001,0.924,0.924,0.924,0.924,0.924,0.924,0.924,0.924,1.035,1.123,1.123,1.123,1.035,1.035,1.123,1.123,1.123,1.035,1.035,1.123,1.123,1.123,1.035,0.924
2022-09-29,41.99999999999999,38.49999999999999,41.99999999999999,41.99999999999999,41.99999999999999,41.99999999999999,41.99999999999999,39.37499999999999,50.16666666666666,68.83333333333334,67.66666666666666,62.99999999999999,62.99999999999999,62.41666666666666,56.0,56.0,56.0,62.41666666666667,60.08333333333333,67.66666666666667,63.0,61.25,69.99999999999999,72.33333333333333,16.0,16.0,16.0,16.0,16.0,16.0,16.0,15.0,16.0,19.0,20.0,19.0,19.0,19.0,16.0,18.0,16.0,18.0,19.0,20.0,19.0,18.0,20.0,20.0,6.999999999999999,6.416666666666665,6.999999999999999,6.999999999999999,6.999999999999999,6.999999999999999,6.999999999999999,6.249999999999999,8.166666666666664,10.833333333333329,10.666666666666664,9.999999999999998,9.999999999999998,9.916666666666664,8.999999999999998,8.999999999999998,8.999999999999998,9.916666666666664,9.58333333333333,10.666666666666664,9.999999999999996,9.749999999999996,10.999999999999998,11.33333333333333,41.999999999999986,38.49999999999999,41.999999999999986,41.999999999999986,41.999999999999986,41.999999999999986,41.999999999999986,39.37499999999999,50.16666666666666,68.83333333333331,67.66666666666666,63.0,63.0,62.416666666666664,55.99999999999999,55.99999999999999,55.99999999999999,62.416666666666664,60.08333333333333,67.66666666666666,63.0,61.25,69.99999999999999,72.33333333333331,0.8560000000000001,0.8560000000000001,0.8560000000000001,0.8560000000000001,0.8560000000000001,0.8560000000000001,0.8560000000000001,0.8325,0.8325,0.657,0.657,0.657,0.8325,0.8325,0.657,0.657,0.657,0.8325,0.8325,0.657,0.657,0.6350000000000001,0.6350000000000001,0.7460000000000001,0.924,0.924,0.924,0.924,0.924,0.924,0.924,1.035,1.035,1.123,1.123,1.123,1.035,1.035,1.123,1.123,1.123,1.035,1.035,1.123,1.123,1.035,1.035,0.924
2022-09-30,76.99999999999999,76.99999999999999,76.99999999999999,76.99999999999999,76.99999999999999,76.99999999999999,76.99999999999999,71.16666666666666,64.75,65.33333333333333,64.75,62.99999999999999,63.58333333333333,84.0,89.83333333333331,84.0,79.33333333333331,83.99999999999999,78.74999999999999,76.99999999999999,73.49999999999999,71.16666666666666,70.58333333333333,76.99999999999997,21.0,21.0,21.0,21.0,21.0,21.0,21.0,21.0,19.0,20.0,20.0,19.0,19.0,22.0,22.0,22.0,22.0,22.0,22.0,21.0,21.0,21.0,20.0,21.0,11.999999999999998,11.999999999999998,11.999999999999998,11.999999999999998,11.999999999999998,11.999999999999998,11.999999999999998,10.833333333333332,10.249999999999996,10.249999999999996,10.249999999999998,9.999999999999998,10.08333333333333,12.999999999999996,13.833333333333334,13.0,12.333333333333332,12.999999999999998,12.249999999999998,11.999999999999998,11.499999999999998,11.166666666666666,11.083333333333332,11.999999999999998,77.0,77.0,77.0,77.0,77.0,77.0,77.0,71.16666666666666,64.75,65.33333333333331,64.75,63.0,63.58333333333333,83.99999999999999,89.83333333333331,83.99999999999999,79.33333333333331,83.99999999999997,78.74999999999999,77.0,73.49999999999999,71.16666666666666,70.58333333333331,76.99999999999999,0.8560000000000001,0.8560000000000001,0.8560000000000001,0.8560000000000001,0.8560000000000001,0.8560000000000001,0.8560000000000001,0.8325,0.8325,0.657,0.657,0.657,0.8325,0.8325,0.657,0.657,0.657,0.8325,0.8325,0.657,0.657,0.6350000000000001,0.6350000000000001,0.7460000000000001,0.924,0.924,0.924,0.924,0.924,0.924,0.924,1.035,1.035,1.123,1.123,1.123,1.035,1.035,1.123,1.123,1.123,1.035,1.035,1.123,1.123,1.035,1.035,0.924
2022-10-01,76.99999999999997,76.99999999999997,76.99999999999997,76.99999999999997,76.99999999999997,76.99999999999997,76.99999999999997,76.99999999999997,76.99999999999997,76.99999999999997,76.99999999999997,76.99999999999997,76.99999999999997,76.99999999999997,76.99999999999997,76.99999999999997,76.99999999999997,76.99999999999997,76.99999999999997,76.99999999999997,76.99999999999997,76.99999999999997,76.99999999999997,76.99999999999997,21.0,21.0,21.0,21.0,21.0,21.0,21.0,21.0,21.0,21.0,21.0,21.0,21.0,21.0,21.0,21.0,21.0,21.0,21.0,21.0,21.0,21.0,21.0,21.0,11.999999999999998,11.999999999999998,11.999999999999998,11.999999999999998,11.999999999999998,11.999999999999998,11.999999999999998,11.999999999999998,11.999999999999998,11.999999999999998,11.999999999999998,11.999999999999998,11.999999999999998,11.999999999999998,11.999999999999998,11.999999999999998,11.999999999999998,11.999999999999998,11.999999999999998,11.999999999999998,11.999999999999998,11.999999999999998,11.999999999999998,11.999999999999998,76.99999999999999,76.99999999999999,76.99999999999999,76.99999999999997,76.99999999999997,76.99999999999997,76.99999999999997,76.99999999999997,76.99999999999997,76.99999999999997,76.99999999999997,76.99999999999997,76.99999999999997,76.99999999999997,76.99999999999997,76.99999999999997,76.99999999999997,76.99999999999997,76.99999999999997,76.99999999999997,76.99999999999997,76.99999999999997,76.99999999999997,76.99999999999997,0.7460000000000001,0.8560000000000001,0.8560000000000001,0.8560000000000001,0.8560000000000001,0.8560000000000001,0.8560000000000001,0.8325,0.8325,0.657,0.657,0.657,0.8325,0.8325,0.657,0.657,0.657,0.8325,0.8325,0.657,0.657,0.6350000000000001,0.6350000000000001,0.7460000000000001,0.924,0.924,0.924,0.924,0.924,0.924,0.924,1.035,1.035,1.123,1.123,1.123,1.035,1.035,1.123,1.123,1.123,1.035,1.035,1.123,1.123,1.035,1.035,0.924
2022-10-02,76.99999999999997,76.99999999999997,76.99999999999997,76.99999999999997,76.99999999999997,59.49999999999999,66.49999999999999,66.49999999999999,53.66666666666667,46.95833333333333,56.0,51.91666666666666,48.99999999999999,44.91666666666666,48.41666666666665,46.083333333333314,46.37499999999999,45.49999999999999,48.41666666666665,56.58333333333332,48.99999999999999,45.79166666666665,45.49999999999999,45.49999999999999,21.0,21.0,21.0,21.0,21.0,18.0,19.0,19.0,18.0,16.0,18.0,18.0,17.0,10.0,17.0,17.0,17.0,16.0,16.0,18.0,17.0,17.0,16.0,16.0,11.999999999999998,11.999999999999998,11.999999999999998,11.999999999999998,11.999999999999998,9.0,9.999999999999998,9.999999999999998,8.166666666666664,7.416666666666666,8.999999999999998,8.416666666666664,7.999999999999998,7.416666666666664,7.833333333333331,7.583333333333331,7.249999999999998,6.999999999999999,7.833333333333331,9.08333333333333,7.999999999999998,7.083333333333332,6.999999999999999,6.999999999999999,76.99999999999997,76.99999999999997,76.99999999999997,76.99999999999997,76.99999999999997,66.93749999999999,66.5,66.5,53.666666666666664,46.95833333333333,55.99999999999999,51.91666666666666,48.999999999999986,44.91666666666666,48.41666666666666,46.08333333333332,46.37499999999999,45.49999999999999,48.41666666666666,56.58333333333333,48.999999999999986,45.79166666666666,45.49999999999999,45.49999999999999,0.8560000000000001,0.8560000000000001,0.8560000000000001,0.8560000000000001,0.8560000000000001,0.8560000000000001,0.8560000000000001,0.8325,0.8325,0.657,0.657,0.657,0.8325,0.8325,0.657,0.657,0.657,0.8325,0.8325,0.657,0.657,0.6350000000000001,0.6350000000000001,0.7460000000000001,0.924,0.924,0.924,0.924,0.924,0.924,0.924,1.035,1.035,1.123,1.123,1.123,1.035,1.035,1.123,1.123,1.123,1.035,1.035,1.123,1.123,1.035,1.035,0.924
2022-10-03,45.49999999999999,45.49999999999999,45.49999999999999,45.49999999999999,47.833333333333314,51.91666666666665,41.41666666666666,38.5,33.83333333333333,25.08333333333333,31.5,31.20833333333333,33.83333333333333,37.33333333333333,42.0,42.0,41.41666666666666,33.541666666666664,36.16666666666666,42.0,42.0,40.83333333333333,28.0,28.0,16.0,16.0,16.0,16.0,16.0,17.0,16.0,15.0,15.0,13.0,14.0,10.0,10.0,11.0,12.0,12.0,12.0,11.0,11.0,16.0,16.0,16.0,14.0,14.0,6.999999999999999,6.999999999999999,6.999999999999999,6.999999999999999,7.333333333333332,7.916666666666665,6.416666666666665,5.999999999999999,5.333333333333332,4.083333333333333,4.999999999999999,4.916666666666665,5.666666666666665,6.333333333333332,6.999999999999998,6.999999999999998,6.916666666666665,5.583333333333332,6.166666666666665,6.999999999999998,6.999999999999998,6.833333333333332,4.999999999999999,4.999999999999999,45.49999999999999,45.49999999999999,45.49999999999999,45.49999999999999,47.83333333333333,51.91666666666666,41.416666666666664,38.5,33.83333333333333,25.083333333333332,31.5,31.208333333333332,33.83333333333333,37.33333333333333,42.0,42.0,41.416666666666664,33.541666666666664,36.16666666666666,42.0,42.0,40.833333333333336,27.999999999999996,27.999999999999996,0.8560000000000001,0.8560000000000001,0.8560000000000001,0.8560000000000001,0.8560000000000001,0.8560000000000001,0.8560000000000001,0.8560000000000001,0.8325,0.657,0.657,0.657,0.8325,0.8325,0.657,0.657,0.657,0.8325,0.8325,0.657,0.657,0.6350000000000001,0.6350000000000001,0.7460000000000001,0.924,0.924,0.924,0.924,0.924,0.924,0.924,0.924,1.035,1.123,1.123,1.123,1.035,1.035,1.123,1.123,1.123,1.035,1.035,1.123,1.123,1.035,1.035,0.924
2022-10-04,28.0,33.25,37.33333333333332,41.99999999999999,41.99999999999999,41.99999999999999,41.99999999999999,41.99999999999999,41.99999999999999,41.99999999999999,41.99999999999999,41.99999999999999,46.66666666666666,48.41666666666666,42.87499999999999,36.45833333333333,36.16666666666666,44.33333333333333,41.99999999999998,48.41666666666665,48.41666666666665,49.0,51.33333333333333,49.0,14.0,14.0,15.0,16.0,16.0,16.0,16.0,16.0,16.0,16.0,16.0,12.0,12.0,13.0,12.0,12.0,11.0,13.0,12.0,17.0,17.0,16.0,18.0,17.0,4.999999999999999,5.749999999999999,6.333333333333332,6.999999999999999,6.999999999999999,6.999999999999999,6.999999999999999,6.999999999999999,6.999999999999999,6.999999999999999,6.999999999999999,6.999999999999999,7.666666666666665,7.916666666666666,6.999999999999999,5.916666666666665,6.666666666666666,7.833333333333333,7.5,7.999999999999998,7.916666666666665,7.999999999999997,8.333333333333332,7.999999999999999,27.999999999999996,33.24999999999999,37.33333333333333,41.999999999999986,41.999999999999986,41.999999999999986,41.999999999999986,41.999999999999986,41.999999999999986,41.999999999999986,41.999999999999986,41.999999999999986,46.66666666666666,48.416666666666664,42.87499999999999,36.45833333333333,36.166666666666664,44.33333333333333,41.99999999999999,48.41666666666666,48.41666666666665,48.99999999999999,51.33333333333333,49.0,0.8560000000000001,0.8560000000000001,0.8560000000000001,0.8560000000000001,0.8560000000000001,0.8560000000000001,0.8560000000000001,0.8325,0.8325,0.657,0.657,0.657,0.8325,0.8325,0.657,0.657,0.657,0.8325,0.8325,0.657,0.657,0.6350000000000001,0.6350000000000001,0.7460000000000001,0.924,0.924,0.924,0.924,0.924,0.924,0.924,1.035,1.035,1.123,1.123,1.123,1.035,1.035,1.123,1.123,1.123,1.035,1.035,1.123,1.123,1.035,1.035,0.924
2022-10-05,49.0,52.50000000000001,59.50000000000001,59.50000000000001,59.50000000000001,59.50000000000001,59.50000000000001,57.16666666666666,52.5,59.5,71.16666666666666,73.5,72.91666666666666,70.0,68.83333333333333,57.16666666666664,50.16666666666666,43.74999999999999,56.0,56.0,49.0,49.0,50.16666666666666,43.74999999999999,17.0,17.0,19.0,19.0,19.0,19.0,19.0,19.0,18.0,18.0,20.0,19.0,17.0,16.0,16.0,15.0,14.0,12.0,18.0,18.0,17.0,17.0,17.0,17.0,7.999999999999999,8.666666666666664,9.999999999999998,9.999999999999998,9.999999999999998,9.999999999999998,9.999999999999998,9.666666666666666,9.0,10.0,11.666666666666666,12.0,11.833333333333332,11.0,10.833333333333332,9.166666666666664,8.083333333333332,6.749999999999999,8.999999999999998,8.999999999999998,7.999999999999999,7.999999999999999,8.166666666666666,7.249999999999998,49.0,52.5,59.5,59.5,59.5,59.5,59.5,57.166666666666664,52.5,59.5,71.16666666666666,73.5,72.91666666666667,70.0,68.83333333333333,57.16666666666666,50.16666666666666,43.74999999999999,55.99999999999999,55.99999999999999,49.0,49.0,50.166666666666664,43.749999999999986,0.8560000000000001,0.8560000000000001,0.8560000000000001,0.8560000000000001,0.8560000000000001,0.8560000000000001,0.8560000000000001,0.8325,0.8325,0.657,0.657,0.657,0.8325,0.8325,0.657,0.657,0.657,0.8325,0.8325,0.657,0.657,0.6350000000000001,0.6350000000000001,0.7460000000000001,0.924,0.924,0.924,0.924,0.924,0.924,0.924,1.035,1.035,1.123,1.123,1.123,1.035,1.035,1.123,1.123,1.123,1.035,1.035,1.123,1.123,1.035,1.035,0.924
2022-10-06,41.99999999999999,41.99999999999999,42.58333333333332,49.0,49.0,49.0,49.0,49.0,49.0,44.91666666666666,49.0,39.66666666666666,37.33333333333332,41.99999999999999,41.99999999999999,43.74999999999999,46.37499999999999,44.333333333333314,45.49999999999999,45.49999999999999,47.83333333333333,56.583333333333336,52.50000000000001,45.5,16.0,16.0,16.0,17.0,17.0,17.0,17.0,17.0,17.0,17.0,17.0,13.0,11.0,12.0,12.0,12.0,13.0,11.0,16.0,16.0,16.0,17.0,17.0,16.0,6.999999999999999,6.999999999999999,7.083333333333332,7.999999999999999,7.999999999999999,7.999999999999999,7.999999999999999,7.999999999999999,7.999999999999999,7.333333333333332,7.999999999999999,6.666666666666665,6.333333333333332,6.999999999999999,6.999999999999999,7.249999999999998,7.333333333333333,6.833333333333332,6.999999999999999,6.999999999999999,7.333333333333331,8.58333333333333,7.999999999999997,6.999999999999999,41.999999999999986,41.999999999999986,42.58333333333332,49.0,49.0,49.0,49.0,49.0,49.0,44.916666666666664,49.0,39.66666666666666,37.33333333333333,41.999999999999986,41.999999999999986,43.74999999999999,46.375,44.33333333333333,45.49999999999999,45.49999999999999,47.83333333333333,56.58333333333333,52.5,45.5,0.8560000000000001,0.8560000000000001,0.8560000000000001,0.8560000000000001,0.8560000000000001,0.8560000000000001,0.8560000000000001,0.8325,0.8325,0.657,0.657,0.657,0.8325,0.8325,0.657,0.657,0.657,0.8325,0.8325,0.657,0.657,0.657,0.6350000000000001,0.7460000000000001,0.924,0.924,0.924,0.924,0.924,0.924,0.924,1.035,1.035,1.123,1.123,1.123,1.035,1.035,1.123,1.123,1.123,1.035,1.035,1.123,1.123,1.123,1.035,0.924
2022-10-07,50.16666666666667,57.74999999999999,59.49999999999999,59.49999999999999,59.49999999999999,59.49999999999999,59.49999999999999,59.49999999999999,59.49999999999999,59.49999999999999,65.91666666666667,69.41666666666667,73.49999999999999,76.41666666666666,74.66666666666667,69.70833333333334,63.583333333333336,62.99999999999999,66.49999999999999,63.87500000000001,62.41666666666667,59.50000000000001,56.583333333333336,62.99999999999999,16.0,17.0,18.0,18.0,18.0,18.0,18.0,18.0,18.0,18.0,18.0,20.0,19.0,21.0,20.0,21.0,19.0,18.0,19.0,19.0,18.0,19.0,18.0,19.0,7.666666666666664,8.75,9.0,9.0,9.0,9.0,9.0,9.0,9.0,9.0,10.08333333333333,10.833333333333329,11.25,11.916666666666664,11.666666666666664,10.666666666666664,9.58333333333333,9.5,9.999999999999998,9.666666666666664,9.833333333333329,9.499999999999996,9.08333333333333,9.999999999999998,50.166666666666664,57.75,59.5,59.5,59.5,59.5,59.5,59.5,59.5,59.5,65.91666666666666,69.41666666666666,73.49999999999999,76.41666666666666,74.66666666666666,69.70833333333333,63.58333333333333,62.99999999999999,66.5,63.87499999999999,62.416666666666664,59.5,56.58333333333333,62.999999999999986,0.8560000000000001,0.8560000000000001,0.8560000000000001,0.8560000000000001,0.8560000000000001,0.8560000000000001,0.8560000000000001,0.8325,0.8325,0.657,0.657,0.657,0.8325,0.8325,0.657,0.657,0.657,0.8325,0.8325,0.657,0.657,0.6350000000000001,0.6350000000000001,0.7460000000000001,0.924,0.924,0.924,0.924,0.924,0.924,0.924,1.035,1.035,1.123,1.123,1.123,1.035,1.035,1.123,1.123,1.123,1.035,1.035,1.123,1.123,1.035,1.035,0.924
2022-10-08,62.99999999999999,63.58333333333332,69.99999999999999,69.99999999999999,69.99999999999999,69.99999999999999,69.99999999999999,69.99999999999999,79.33333333333331,85.16666666666666,81.08333333333333,71.16666666666666,72.33333333333334,82.83333333333334,79.91666666666666,79.91666666666664,82.83333333333331,83.99999999999999,72.33333333333334,64.16666666666667,70.875,82.25,80.5,77.0,19.0,19.0,20.0,20.0,20.0,20.0,20.0,20.0,21.0,22.0,23.0,21.0,16.0,17.0,18.0,18.0,21.0,22.0,22.0,19.0,19.0,21.0,21.0,21.0,9.999999999999998,10.083333333333332,10.999999999999998,10.999999999999998,10.999999999999998,10.999999999999998,10.999999999999998,10.999999999999998,12.333333333333332,13.166666666666666,12.583333333333332,11.166666666666664,11.333333333333332,12.833333333333332,12.416666666666666,12.416666666666666,12.833333333333332,13.0,10.5,9.166666666666664,10.249999999999998,12.25,12.0,11.5,62.999999999999986,63.58333333333332,69.99999999999999,69.99999999999999,69.99999999999999,69.99999999999999,69.99999999999999,69.99999999999999,79.33333333333333,85.16666666666666,81.08333333333333,71.16666666666666,72.33333333333333,82.83333333333333,79.91666666666666,79.91666666666666,82.83333333333331,83.99999999999999,72.33333333333333,64.16666666666666,70.875,82.24999999999999,80.49999999999999,76.99999999999999,0.8560000000000001,0.8560000000000001,0.8560000000000001,0.8560000000000001,0.8560000000000001,0.8560000000000001,0.8560000000000001,0.8325,0.8325,0.657,0.657,0.657,0.8325,0.8325,0.657,0.657,0.657,0.8325,0.8325,0.8325,0.657,0.6350000000000001,0.6350000000000001,0.7460000000000001,0.924,0.924,0.924,0.924,0.924,0.924,0.924,1.035,1.035,1.123,1.123,1.123,1.035,1.035,1.123,1.123,1.123,1.035,1.035,1.035,1.123,1.035,1.035,0.924
2022-10-09,73.49999999999999,73.49999999999999,73.49999999999999,73.49999999999999,73.49999999999999,73.49999999999999,73.49999999999999,70.58333333333333,75.83333333333334,84.0,77.0,85.75,87.5,82.83333333333334,74.66666666666666,80.5,80.5,77.58333333333331,54.833333333333314,57.74999999999999,62.99999999999999,69.41666666666666,72.91666666666664,80.49999999999997,20.0,20.0,20.0,20.0,20.0,20.0,20.0,20.0,19.0,21.0,20.0,21.0,18.0,18.0,16.0,17.0,17.0,21.0,18.0,17.0,17.0,19.0,19.0,21.0,10.999999999999998,10.999999999999998,10.999999999999998,10.999999999999998,10.999999999999998,10.999999999999998,10.999999999999998,10.583333333333332,11.33333333333333,12.499999999999996,11.499999999999998,12.749999999999996,12.999999999999996,12.333333333333329,11.166666666666666,12.0,12.0,11.583333333333332,8.333333333333332,8.749999999999998,9.5,10.416666666666666,10.916666666666666,11.999999999999998,73.49999999999999,73.49999999999999,73.49999999999999,73.49999999999999,73.49999999999999,73.49999999999999,73.49999999999999,70.58333333333333,75.83333333333333,83.99999999999999,77.0,85.74999999999999,87.5,82.83333333333333,74.66666666666666,80.49999999999999,80.49999999999999,77.58333333333333,54.83333333333332,57.74999999999999,62.99999999999999,69.41666666666666,72.91666666666666,80.49999999999999,0.7460000000000001,0.8560000000000001,0.8560000000000001,0.8560000000000001,0.8560000000000001,0.8560000000000001,0.8560000000000001,0.8325,0.8325,0.657,0.657,0.657,0.8325,0.8325,0.657,0.657,0.657,0.8325,0.8325,0.657,0.657,0.6350000000000001,0.6350000000000001,0.7460000000000001,0.924,0.924,0.924,0.924,0.924,0.924,0.924,1.035,1.035,1.123,1.123,1.123,1.035,1.035,1.123,1.123,1.123,1.035,1.035,1.123,1.123,1.035,1.035,0.924
2022-10-10,80.49999999999997,80.49999999999997,80.49999999999997,80.49999999999997,80.49999999999997,80.49999999999997,80.49999999999997,79.3333333333333,70.58333333333331,62.70833333333333,72.33333333333334,67.08333333333333,66.5,72.33333333333334,73.5,69.125,65.04166666666667,66.5,55.99999999999999,59.49999999999999,58.33333333333333,59.5,66.49999999999999,66.49999999999999,21.0,21.0,21.0,21.0,21.0,21.0,21.0,21.0,20.0,19.0,20.0,19.0,19.0,19.0,20.0,20.0,19.0,19.0,18.0,18.0,18.0,18.0,19.0,19.0,11.999999999999998,11.999999999999998,11.999999999999998,11.999999999999998,11.999999999999998,11.999999999999998,11.999999999999998,11.833333333333332,10.583333333333332,9.416666666666666,10.833333333333332,10.083333333333332,10.0,10.833333333333332,10.999999999999998,10.416666666666664,9.916666666666664,9.999999999999996,8.5,9.0,8.833333333333332,8.999999999999996,9.999999999999998,9.999999999999998,80.49999999999999,80.49999999999999,80.49999999999999,80.49999999999999,80.49999999999999,80.49999999999999,80.49999999999999,79.33333333333331,70.58333333333333,62.70833333333333,72.33333333333333,67.08333333333333,66.5,72.33333333333333,73.5,69.125,65.04166666666666,66.5,56.0,59.5,58.33333333333333,59.5,66.5,66.5,0.8560000000000001,0.8560000000000001,0.8560000000000001,0.8560000000000001,0.8560000000000001,0.8560000000000001,0.8560000000000001,0.8325,0.8325,0.657,0.657,0.657,0.8325,0.8325,0.657,0.657,0.657,0.8325,0.8325,0.657,0.657,0.657,0.6350000000000001,0.6350000000000001,0.924,0.924,0.924,0.924,0.924,0.924,0.924,1.035,1.035,1.123,1.123,1.123,1.035,1.035,1.123,1.123,1.123,1.035,1.035,1.123,1.123,1.123,1.035,1.035
2022-10-11,66.49999999999999,66.49999999999999,66.49999999999999,66.49999999999999,66.49999999999999,66.49999999999999,66.49999999999999,68.24999999999999,64.16666666666666,68.83333333333333,63.58333333333332,62.99999999999999,62.99999999999999,58.91666666666666,53.66666666666666,49.0,52.5,50.74999999999999,41.99999999999999,41.99999999999999,54.24999999999999,62.99999999999999,75.24999999999999,76.99999999999999,19.0,19.0,19.0,19.0,19.0,19.0,19.0,20.0,18.0,19.0,20.0,19.0,19.0,19.0,18.0,17.0,17.0,18.0,17.0,16.0,16.0,19.0,20.0,21.0,9.999999999999998,9.999999999999998,9.999999999999998,9.999999999999998,9.999999999999998,9.999999999999998,9.999999999999998,10.249999999999998,9.666666666666666,10.666666666666666,10.083333333333332,10.0,10.0,9.416666666666664,8.666666666666666,7.999999999999999,8.5,8.249999999999998,6.999999999999999,6.999999999999999,8.75,9.999999999999998,11.749999999999998,11.999999999999998,66.5,66.5,66.5,66.5,66.5,66.5,66.5,68.24999999999999,64.16666666666666,68.83333333333333,63.58333333333332,62.999999999999986,62.999999999999986,58.91666666666666,53.66666666666666,49.0,52.49999999999999,50.74999999999999,41.99999999999999,41.999999999999986,54.24999999999999,62.999999999999986,75.24999999999999,77.0,0.8560000000000001,0.8560000000000001,0.8560000000000001,0.8560000000000001,0.8560000000000001,0.8560000000000001,0.8560000000000001,0.8325,0.8325,0.657,0.657,0.657,0.8325,0.8325,0.657,0.657,0.657,0.8325,0.8325,0.657,0.657,0.6350000000000001,0.6350000000000001,0.7460000000000001,0.924,0.924,0.924,0.924,0.924,0.924,0.924,1.035,1.035,1.123,1.123,1.123,1.035,1.035,1.123,1.123,1.123,1.035,1.035,1.123,1.123,1.035,1.035,0.924
2022-10-12,76.99999999999999,76.99999999999999,76.99999999999999,76.99999999999999,76.99999999999999,76.99999999999999,76.99999999999999,76.70833333333331,68.83333333333334,77.0,77.0,77.0,77.0,77.0,68.25,60.66666666666666,51.33333333333333,36.16666666666666,36.74999999999999,34.416666666666664,41.99999999999999,41.99999999999999,47.83333333333333,49.0,21.0,21.0,21.0,21.0,21.0,21.0,21.0,21.0,19.0,21.0,21.0,21.0,21.0,21.0,21.0,19.0,18.0,17.0,15.0,15.0,15.0,16.0,16.0,17.0,11.999999999999998,11.999999999999998,11.999999999999998,11.999999999999998,11.999999999999998,11.999999999999998,11.999999999999998,11.666666666666664,10.83333333333333,11.999999999999996,11.999999999999996,11.999999999999996,11.999999999999996,11.999999999999996,10.75,9.666666666666664,8.333333333333332,6.166666666666663,6.249999999999998,5.916666666666664,6.999999999999998,6.999999999999999,7.833333333333332,7.999999999999999,77.0,77.0,77.0,77.0,77.0,77.0,77.0,76.70833333333331,68.83333333333333,77.0,77.0,77.0,77.0,77.0,68.25,60.66666666666666,51.33333333333333,36.16666666666666,36.74999999999999,34.41666666666666,42.0,41.999999999999986,47.83333333333333,49.0,0.8560000000000001,0.8560000000000001,0.8560000000000001,0.8560000000000001,0.8560000000000001,0.8560000000000001,0.8560000000000001,0.8325,0.8325,0.657,0.657,0.657,0.8325,0.8325,0.657,0.657,0.657,0.8325,0.8325,0.657,0.657,0.6350000000000001,0.6350000000000001,0.7460000000000001,0.924,0.924,0.924,0.924,0.924,0.924,0.924,1.035,1.035,1.123,1.123,1.123,1.035,1.035,1.123,1.123,1.123,1.035,1.035,1.123,1.123,1.035,1.035,0.924
2022-10-13,49.0,49.0,49.0,49.0,49.0,49.0,49.583333333333336,54.833333333333336,53.083333333333314,40.54166666666666,30.91666666666666,36.16666666666666,41.99999999999999,43.74999999999999,47.83333333333332,53.08333333333333,60.37499999999999,63.0,66.5,72.33333333333333,74.66666666666667,79.91666666666667,75.24999999999999,73.49999999999999,17.0,17.0,17.0,17.0,17.0,17.0,17.0,18.0,18.0,16.0,13.0,13.0,15.0,15.0,16.0,16.0,17.0,19.0,19.0,19.0,20.0,20.0,21.0,20.0,7.999999999999999,7.999999999999999,7.999999999999999,7.999999999999999,7.999999999999999,7.999999999999999,8.083333333333332,8.499999999999996,8.083333333333329,6.083333333333332,4.416666666666667,5.166666666666666,5.999999999999999,6.249999999999999,6.833333333333334,7.583333333333332,8.916666666666666,9.499999999999998,10.0,10.833333333333332,11.166666666666664,11.916666666666666,11.249999999999998,10.999999999999998,49.0,49.0,49.0,49.0,49.0,49.0,49.58333333333333,54.83333333333333,53.08333333333333,40.54166666666666,30.91666666666666,36.16666666666666,41.999999999999986,43.74999999999999,47.83333333333333,53.08333333333332,60.37499999999999,62.99999999999999,66.5,72.33333333333333,74.66666666666666,79.91666666666666,75.24999999999999,73.49999999999999,0.8560000000000001,0.8560000000000001,0.8560000000000001,0.8560000000000001,0.8560000000000001,0.8560000000000001,0.8560000000000001,0.8325,0.8325,0.657,0.657,0.657,0.8325,0.8325,0.657,0.657,0.657,0.8325,0.8325,0.657,0.657,0.6350000000000001,0.6350000000000001,0.7460000000000001,0.924,0.924,0.924,0.924,0.924,0.924,0.924,1.035,1.035,1.123,1.123,1.123,1.035,1.035,1.123,1.123,1.123,1.035,1.035,1.123,1.123,1.035,1.035,0.924
2022-10-14,73.49999999999999,67.37499999999999,73.49999999999999,73.49999999999999,73.49999999999999,73.49999999999999,73.49999999999999,63.58333333333333,65.91666666666667,77.0,73.5,73.5,75.25,84.0,82.83333333333331,73.5,64.16666666666666,51.62499999999999,45.5,53.08333333333333,61.25,63.0,66.79166666666667,70.0,20.0,20.0,20.0,20.0,20.0,20.0,20.0,20.0,18.0,21.0,20.0,20.0,18.0,19.0,22.0,20.0,19.0,18.0,16.0,16.0,19.0,18.0,18.0,20.0,10.999999999999998,10.083333333333332,10.999999999999998,10.999999999999998,10.999999999999998,10.999999999999998,10.999999999999998,9.583333333333332,9.916666666666664,11.5,11.0,11.0,11.249999999999998,12.499999999999996,12.333333333333332,11.0,9.666666666666666,7.916666666666667,6.999999999999998,8.083333333333332,9.249999999999998,9.5,10.333333333333329,10.999999999999996,73.49999999999999,67.37499999999999,73.49999999999999,73.49999999999999,73.49999999999999,73.49999999999999,73.49999999999999,63.58333333333333,65.91666666666666,77.0,73.5,73.5,75.25,83.99999999999999,82.83333333333333,73.5,64.16666666666666,51.62499999999999,45.49999999999999,53.08333333333333,61.24999999999999,62.99999999999999,66.79166666666666,69.99999999999999,0.8560000000000001,0.8560000000000001,0.8560000000000001,0.8560000000000001,0.8560000000000001,0.8560000000000001,0.8560000000000001,0.8325,0.8325,0.657,0.657,0.657,0.8325,0.8325,0.657,0.657,0.657,0.8325,0.8325,0.657,0.657,0.6350000000000001,0.6350000000000001,0.7460000000000001,0.924,0.924,0.924,0.924,0.924,0.924,0.924,1.035,1.035,1.123,1.123,1.123,1.035,1.035,1.123,1.123,1.123,1.035,1.035,1.123,1.123,1.035,1.035,0.924
2022-10-15,70.0,70.0,70.0,70.0,70.0,70.0,70.0,70.0,64.16666666666667,63.0,57.75,53.66666666666666,49.0,49.0,47.24999999999999,41.99999999999999,45.49999999999999,53.08333333333333,61.25,72.33333333333333,71.75,65.33333333333331,54.833333333333314,56.0,20.0,20.0,20.0,20.0,20.0,20.0,20.0,20.0,20.0,19.0,19.0,18.0,17.0,15.0,17.0,16.0,16.0,17.0,18.0,20.0,21.0,20.0,19.0,18.0,10.999999999999996,10.999999999999996,10.999999999999996,10.999999999999996,10.999999999999996,10.999999999999996,10.999999999999996,10.999999999999996,10.166666666666664,9.999999999999996,9.249999999999998,8.666666666666664,7.999999999999999,7.999999999999999,8.0,6.999999999999999,7.499999999999998,8.583333333333332,10.166666666666666,11.833333333333332,11.5,10.833333333333332,9.333333333333332,9.499999999999998,69.99999999999999,69.99999999999999,69.99999999999999,69.99999999999999,69.99999999999999,69.99999999999999,69.99999999999999,69.99999999999999,64.16666666666666,63.0,57.74999999999999,53.66666666666666,49.0,49.0,47.24999999999999,41.999999999999986,45.499999999999986,53.08333333333332,61.24999999999999,72.33333333333333,71.75,65.33333333333333,54.83333333333332,55.99999999999999,0.8560000000000001,0.8560000000000001,0.8560000000000001,0.8560000000000001,0.8560000000000001,0.8560000000000001,0.8560000000000001,0.8325,0.8325,0.657,0.657,0.657,0.8325,0.8325,0.657,0.657,0.657,0.8325,0.8325,0.657,0.657,0.6350000000000001,0.6350000000000001,0.7460000000000001,0.924,0.924,0.924,0.924,0.924,0.924,0.924,1.035,1.035,1.123,1.123,1.123,1.035,1.035,1.123,1.123,1.123,1.035,1.035,1.123,1.123,1.035,1.035,0.924
2022-10-16,59.5,59.5,60.08333333333333,66.5,66.5,66.5,66.5,66.5,62.41666666666666,59.5,59.5,59.5,59.5,63.58333333333333,66.5,66.5,61.54166666666666,46.37499999999999,48.12499999999999,56.87499999999999,59.5,65.33333333333333,67.66666666666666,68.24999999999999,19.0,19.0,19.0,20.0,20.0,20.0,20.0,20.0,20.0,19.0,19.0,19.0,19.0,19.0,20.0,20.0,20.0,17.0,16.0,17.0,19.0,19.0,21.0,20.0,10.0,10.0,10.083333333333332,10.999999999999998,10.999999999999998,10.999999999999998,10.999999999999998,10.999999999999998,10.416666666666666,10.0,10.0,10.0,10.0,10.583333333333332,11.0,11.0,9.916666666666664,7.249999999999998,7.749999999999998,9.416666666666666,10.0,10.833333333333332,11.166666666666666,11.25,59.5,59.5,60.08333333333333,66.5,66.5,66.5,66.5,66.5,62.416666666666664,59.5,59.5,59.5,59.5,63.58333333333333,66.5,66.5,61.541666666666664,46.37499999999999,48.124999999999986,56.87499999999999,59.5,65.33333333333333,67.66666666666666,68.24999999999999,0.8560000000000001,0.8560000000000001,0.8560000000000001,0.8560000000000001,0.8560000000000001,0.8560000000000001,0.8560000000000001,0.8325,0.8325,0.657,0.657,0.657,0.8325,0.8325,0.657,0.657,0.657,0.8325,0.8325,0.657,0.657,0.6350000000000001,0.6350000000000001,0.7460000000000001,0.924,0.924,0.924,0.924,0.924,0.924,0.924,1.035,1.035,1.123,1.123,1.123,1.035,1.035,1.123,1.123,1.123,1.035,1.035,1.123,1.123,1.035,1.035,0.924
2022-10-17,69.99999999999999,69.99999999999999,69.99999999999999,69.99999999999999,69.99999999999999,69.99999999999999,69.99999999999999,68.24999999999999,69.125,70.875,72.91666666666666,66.49999999999999,66.49999999999999,65.33333333333331,55.41666666666666,52.5,52.5,54.83333333333333,55.708333333333314,50.16666666666665,47.833333333333314,46.08333333333332,57.16666666666666,59.5,20.0,20.0,20.0,20.0,20.0,20.0,20.0,20.0,20.0,20.0,21.0,20.0,20.0,20.0,19.0,18.0,18.0,18.0,19.0,17.0,18.0,17.0,18.0,19.0,10.999999999999998,10.999999999999998,10.999999999999998,10.999999999999998,10.999999999999998,10.999999999999998,10.999999999999998,10.749999999999998,10.999999999999998,11.5,11.916666666666668,11.0,11.0,10.833333333333332,9.416666666666666,9.0,9.0,9.333333333333334,9.416666666666666,8.333333333333332,8.333333333333332,8.083333333333332,9.666666666666666,10.0,69.99999999999999,69.99999999999999,69.99999999999999,69.99999999999999,69.99999999999999,69.99999999999999,69.99999999999999,68.24999999999999,69.12499999999999,70.875,72.91666666666667,66.5,66.5,65.33333333333333,55.41666666666666,52.499999999999986,52.499999999999986,54.83333333333332,55.70833333333332,50.16666666666666,47.83333333333333,46.08333333333333,57.166666666666664,59.5,0.8560000000000001,0.8560000000000001,0.8560000000000001,0.8560000000000001,0.8560000000000001,0.8560000000000001,0.8560000000000001,0.8325,0.8325,0.657,0.657,0.657,0.8325,0.8325,0.657,0.657,0.657,0.8325,0.8325,0.657,0.657,0.6350000000000001,0.6350000000000001,0.7460000000000001,0.924,0.924,0.924,0.924,0.924,0.924,0.924,1.035,1.035,1.123,1.123,1.123,1.035,1.035,1.123,1.123,1.123,1.035,1.035,1.123,1.123,1.035,1.035,0.924
2022-10-18,59.5,59.5,59.5,59.5,59.5,59.5,59.5,53.66666666666666,55.12499999999999,70.58333333333331,73.49999999999999,69.41666666666664,67.08333333333331,56.0,56.0,56.0,53.958333333333336,55.41666666666666,52.5,54.25,59.49999999999999,64.75,69.99999999999999,69.99999999999999,19.0,19.0,19.0,19.0,19.0,19.0,19.0,19.0,17.0,20.0,21.0,21.0,20.0,18.0,18.0,18.0,18.0,17.0,17.0,17.0,18.0,18.0,20.0,20.0,10.0,10.0,10.0,10.0,10.0,10.0,10.0,8.5,9.166666666666666,11.5,12.0,11.0,10.583333333333332,9.0,9.0,9.0,8.416666666666666,8.499999999999998,7.999999999999999,8.249999999999998,9.0,9.916666666666664,10.999999999999998,10.999999999999998,59.5,59.5,59.5,59.5,59.5,59.5,59.5,53.666666666666664,55.12499999999999,70.58333333333333,73.49999999999999,69.41666666666666,67.08333333333331,55.99999999999999,55.99999999999999,55.99999999999999,53.95833333333333,55.416666666666664,52.5,54.25,59.5,64.74999999999999,69.99999999999999,69.99999999999999,0.8560000000000001,0.8560000000000001,0.8560000000000001,0.8560000000000001,0.8560000000000001,0.8560000000000001,0.8560000000000001,0.8325,0.8325,0.657,0.657,0.657,0.8325,0.8325,0.8325,0.657,0.657,0.8325,0.8325,0.657,0.657,0.6350000000000001,0.6350000000000001,0.7460000000000001,0.924,0.924,0.924,0.924,0.924,0.924,0.924,1.035,1.035,1.123,1.123,1.123,1.035,1.035,1.035,1.123,1.123,1.035,1.035,1.123,1.123,1.035,1.035,0.924
2022-10-19,69.99999999999999,69.99999999999999,69.99999999999999,69.99999999999999,69.99999999999999,69.99999999999999,69.99999999999999,70.58333333333333,72.625,64.16666666666666,56.0,56.58333333333333,60.083333333333314,53.66666666666664,49.58333333333333,48.70833333333332,46.66666666666666,38.5,38.5,40.54166666666666,45.49999999999998,47.24999999999999,51.91666666666666,56.0,20.0,20.0,20.0,20.0,20.0,20.0,20.0,20.0,21.0,20.0,18.0,18.0,19.0,18.0,17.0,16.0,17.0,15.0,15.0,15.0,16.0,17.0,17.0,18.0,10.999999999999998,10.999999999999998,10.999999999999998,10.999999999999998,10.999999999999998,10.999999999999998,10.999999999999998,11.083333333333332,10.999999999999996,10.08333333333333,9.0,9.083333333333332,9.166666666666666,8.166666666666664,7.58333333333333,7.416666666666666,7.166666666666665,5.999999999999999,5.999999999999999,6.583333333333332,7.499999999999998,7.749999999999998,8.416666666666664,8.999999999999998,69.99999999999999,69.99999999999999,69.99999999999999,69.99999999999999,69.99999999999999,69.99999999999999,69.99999999999999,70.58333333333331,72.625,64.16666666666666,55.99999999999999,56.58333333333333,60.08333333333332,53.66666666666666,49.58333333333332,48.70833333333333,46.66666666666666,38.5,38.5,40.541666666666664,45.49999999999999,47.249999999999986,51.916666666666664,55.99999999999999,0.8560000000000001,0.8560000000000001,0.8560000000000001,0.8560000000000001,0.8560000000000001,0.8560000000000001,0.8560000000000001,0.8325,0.8325,0.657,0.657,0.657,0.8325,0.8325,0.657,0.657,0.657,0.8325,0.8325,0.657,0.657,0.6350000000000001,0.6350000000000001,0.7460000000000001,0.924,0.924,0.924,0.924,0.924,0.924,0.924,1.035,1.035,1.123,1.123,1.123,1.035,1.035,1.123,1.123,1.123,1.035,1.035,1.123,1.123,1.035,1.035,0.924
2022-10-20,56.0,56.0,56.0,56.0,56.0,56.0,56.58333333333333,57.75,51.33333333333332,57.74999999999999,57.74999999999999,59.49999999999999,59.49999999999999,55.99999999999999,59.5,49.58333333333333,38.5,36.75,31.5,46.66666666666665,52.49999999999999,58.91666666666666,59.50000000000001,59.5,18.0,18.0,18.0,18.0,18.0,18.0,18.0,19.0,17.0,17.0,18.0,18.0,18.0,18.0,18.0,18.0,15.0,15.0,14.0,15.0,17.0,17.0,18.0,18.0,8.999999999999998,8.999999999999998,8.999999999999998,8.999999999999998,8.999999999999998,8.999999999999998,9.083333333333332,8.58333333333333,7.833333333333331,8.75,8.75,9.0,9.0,8.499999999999998,9.0,7.583333333333332,5.999999999999998,5.749999999999998,4.999999999999999,7.166666666666665,7.999999999999998,8.916666666666664,8.999999999999998,8.999999999999996,55.99999999999999,55.99999999999999,55.99999999999999,55.99999999999999,55.99999999999999,55.99999999999999,56.58333333333333,57.74999999999999,51.33333333333333,57.749999999999986,57.749999999999986,59.499999999999986,59.499999999999986,55.99999999999999,59.499999999999986,49.58333333333332,38.5,36.74999999999999,31.5,46.66666666666666,52.499999999999986,58.916666666666664,59.5,59.5,0.8560000000000001,0.8560000000000001,0.8560000000000001,0.8560000000000001,0.8560000000000001,0.8560000000000001,0.8560000000000001,0.8325,0.8325,0.657,0.657,0.657,0.8325,0.8325,0.657,0.657,0.657,0.8325,0.8325,0.657,0.657,0.6350000000000001,0.6350000000000001,0.7460000000000001,0.924,0.924,0.924,0.924,0.924,0.924,0.924,1.035,1.035,1.123,1.123,1.123,1.035,1.035,1.123,1.123,1.123,1.035,1.035,1.123,1.123,1.035,1.035,0.924
2022-10-21,67.95833333333333,64.45833333333331,71.74999999999999,67.66666666666666,65.33333333333331,61.24999999999999,63.58333333333332,60.66666666666666,69.12499999999999,73.5,76.12499999999999,67.37499999999999,70.87499999999999,77.58333333333333,78.45833333333331,67.375,75.54166666666666,64.16666666666666,61.24999999999999,65.91666666666666,65.04166666666666,53.08333333333333,48.70833333333332,58.91666666666666,18.0,14.0,20.0,12.0,14.0,10.0,10.0,15.0,15.0,21.0,20.0,12.0,11.0,19.0,22.0,11.0,14.0,11.0,10.0,13.0,13.0,17.0,16.0,19.0,10.583333333333332,10.083333333333332,11.083333333333332,10.499999999999998,10.083333333333332,9.583333333333334,9.916666666666666,9.333333333333332,10.666666666666664,11.25,11.833333333333332,10.333333333333332,11.083333333333332,11.999999999999998,11.999999999999998,10.416666666666664,11.916666666666664,10.083333333333332,9.75,10.416666666666664,10.333333333333332,8.583333333333332,8.083333333333332,9.499999999999998,67.95833333333333,64.45833333333333,71.74999999999999,67.66666666666666,65.33333333333333,61.24999999999999,63.58333333333333,60.66666666666666,69.125,73.49999999999999,76.12499999999999,67.375,70.87499999999999,77.58333333333333,78.45833333333333,67.37499999999999,75.54166666666666,64.16666666666666,61.24999999999999,65.91666666666666,65.04166666666666,53.08333333333333,48.70833333333332,58.916666666666664,0.7460000000000001,0.8560000000000001,0.8560000000000001,0.8560000000000001,0.8560000000000001,0.8560000000000001,0.8560000000000001,0.8325,0.8325,0.657,0.657,0.657,0.8325,0.8325,0.657,0.657,0.657,0.8325,0.8325,0.657,0.657,0.6350000000000001,0.6350000000000001,0.7460000000000001,0.924,0.924,0.924,0.924,0.924,0.924,0.924,1.035,1.035,1.123,1.123,1.123,1.035,1.035,1.123,1.123,1.123,1.035,1.035,1.123,1.123,1.035,1.035,0.924
2022-10-22,67.08333333333331,65.33333333333331,63.29166666666666,70.29166666666666,62.41666666666666,66.20833333333333,61.54166666666666,67.08333333333331,62.99999999999999,74.66666666666666,65.62499999999999,62.12499999999999,56.58333333333333,55.70833333333332,53.37499999999999,55.41666666666666,53.08333333333333,67.37499999999999,61.24999999999999,58.04166666666666,62.41666666666666,61.54166666666666,58.04166666666666,66.49999999999999,19.0,13.0,13.0,19.0,19.0,17.0,20.0,13.0,21.0,19.0,21.0,16.0,17.0,11.0,17.0,9.0,11.0,17.0,22.0,11.0,12.0,18.0,18.0,22.0,10.666666666666664,10.499999999999998,10.083333333333332,11.166666666666664,9.916666666666666,10.666666666666664,9.833333333333332,10.666666666666664,10.166666666666666,11.583333333333332,10.33333333333333,9.666666666666666,8.916666666666664,8.916666666666666,8.583333333333332,8.916666666666664,8.583333333333332,11.0,9.666666666666666,9.166666666666666,9.916666666666666,9.749999999999998,9.333333333333332,10.333333333333334,67.08333333333333,65.33333333333331,63.29166666666666,70.29166666666666,62.41666666666666,66.20833333333333,61.54166666666666,67.08333333333333,62.99999999999999,74.66666666666666,65.62499999999999,62.12499999999999,56.58333333333333,55.70833333333333,53.37499999999999,55.41666666666666,53.08333333333332,67.37499999999999,61.24999999999999,58.04166666666666,62.416666666666664,61.541666666666664,58.04166666666666,66.49999999999999,0.8560000000000001,0.8560000000000001,0.8560000000000001,0.8560000000000001,0.8560000000000001,0.8560000000000001,0.8560000000000001,0.8325,0.8325,0.657,0.657,0.657,0.8325,0.8325,0.657,0.657,0.657,0.8325,0.8325,0.657,0.657,0.6350000000000001,0.6350000000000001,0.7460000000000001,0.924,0.924,0.924,0.924,0.924,0.924,0.924,1.035,1.035,1.123,1.123,1.123,1.035,1.035,1.123,1.123,1.123,1.035,1.035,1.123,1.123,1.035,1.035,0.924
2022-10-23,66.79166666666666,70.87499999999999,67.37499999999999,66.79166666666666,70.29166666666666,69.70833333333333,65.33333333333331,63.58333333333333,56.58333333333333,62.41666666666666,64.16666666666666,61.83333333333333,60.375,55.99999999999999,66.79166666666666,61.54166666666666,52.49999999999999,53.37499999999999,47.24999999999999,56.87499999999999,57.45833333333333,58.04166666666666,57.16666666666666,60.95833333333333,13.0,20.0,14.0,12.0,13.0,20.0,11.0,13.0,13.0,16.0,13.0,17.0,17.0,10.0,16.0,13.0,12.0,18.0,14.0,14.0,19.0,13.0,20.0,12.0,10.75,11.083333333333332,10.666666666666666,10.499999999999998,11.083333333333332,10.999999999999998,10.416666666666664,9.833333333333332,8.916666666666666,9.833333333333332,10.166666666666664,10.0,9.583333333333332,8.75,10.583333333333332,10.0,8.416666666666666,8.333333333333332,7.416666666666664,8.999999999999998,9.083333333333332,8.999999999999998,9.0,9.416666666666664,66.79166666666666,70.87499999999999,67.37499999999999,66.79166666666666,70.29166666666666,69.70833333333333,65.33333333333333,63.58333333333333,56.58333333333333,62.41666666666666,64.16666666666666,61.83333333333333,60.37499999999999,55.99999999999999,66.79166666666666,61.54166666666666,52.49999999999999,53.37499999999999,47.24999999999999,56.87499999999999,57.45833333333333,58.041666666666664,57.16666666666666,60.95833333333333,0.7460000000000001,0.8560000000000001,0.8560000000000001,0.8560000000000001,0.8560000000000001,0.8560000000000001,0.8560000000000001,0.8325,0.8325,0.657,0.657,0.657,0.8325,0.8325,0.657,0.657,0.657,0.8325,0.8325,0.657,0.657,0.6350000000000001,0.6350000000000001,0.6350000000000001,0.924,0.924,0.924,0.924,0.924,0.924,0.924,1.035,1.035,1.123,1.123,1.123,1.035,1.035,1.123,1.123,1.123,1.035,1.035,1.123,1.123,1.035,1.035,1.035
2022-10-24,59.49999999999999,4.958333333333333,4.958333333333333,4.958333333333333,4.958333333333333,4.958333333333333,66.5,58.33333333333332,58.33333333333333,64.16666666666666,62.99999999999999,68.83333333333331,76.99999999999997,78.45833333333331,79.04166666666666,63.0,46.66666666666666,35.291666666666664,45.208333333333314,43.74999999999999,55.99999999999999,71.16666666666666,64.75,63.58333333333334,18.0,18.0,18.0,18.0,18.0,18.0,20.0,19.0,19.0,19.0,19.0,19.0,17.0,17.0,18.0,17.0,18.0,16.0,15.0,17.0,17.0,20.0,21.0,19.0,9.0,0.7499999999999999,0.7499999999999999,0.7499999999999999,0.7499999999999999,0.7499999999999999,10.999999999999998,9.5,9.833333333333332,10.583333333333332,10.0,10.833333333333332,12.0,12.166666666666664,12.583333333333332,10.5,8.166666666666666,6.083333333333332,7.75,7.749999999999998,9.499999999999998,11.666666666666664,10.75,10.583333333333332,59.5,4.958333333333333,4.958333333333332,4.958333333333332,4.958333333333332,63.935763888888886,66.5,58.33333333333333,58.33333333333333,64.16666666666666,62.999999999999986,68.83333333333331,76.99999999999999,78.45833333333331,79.04166666666666,62.999999999999986,46.66666666666666,35.29166666666666,45.20833333333332,43.74999999999999,55.999999999999986,71.16666666666666,64.75,63.58333333333333,0.8560000000000001,0.8560000000000001,0.8560000000000001,0.8560000000000001,0.8560000000000001,0.8560000000000001,0.8560000000000001,0.8560000000000001,0.8325,0.657,0.657,0.657,0.8325,0.8325,0.8325,0.657,0.657,0.8325,0.8325,0.657,0.657,0.6350000000000001,0.6350000000000001,0.7460000000000001,0.924,0.924,0.924,0.924,0.924,0.924,0.924,0.924,1.035,1.123,1.123,1.123,1.035,1.035,1.035,1.123,1.123,1.035,1.035,1.123,1.123,1.035,1.035,0.924
2022-10-25,66.5,66.5,66.5,66.5,66.5,66.5,66.5,68.54166666666667,70.58333333333333,75.25,73.49999999999999,73.49999999999999,72.33333333333331,65.91666666666666,53.08333333333333,52.5,53.66666666666666,52.49999999999999,46.66666666666666,45.5,45.5,38.5,43.16666666666666,45.49999999999999,20.0,20.0,20.0,20.0,20.0,20.0,20.0,21.0,21.0,22.0,21.0,21.0,21.0,20.0,19.0,18.0,18.0,18.0,18.0,17.0,17.0,16.0,16.0,17.0,10.999999999999998,10.999999999999998,10.999999999999998,10.999999999999998,10.999999999999998,10.999999999999998,10.999999999999998,11.08333333333333,11.583333333333332,12.25,12.0,12.0,11.833333333333332,10.916666666666668,9.083333333333332,9.0,9.166666666666668,9.0,8.166666666666666,8.0,8.0,7.0,7.666666666666666,8.0,66.5,66.5,66.5,66.5,66.5,66.5,66.5,68.54166666666666,70.58333333333333,75.24999999999999,73.49999999999999,73.49999999999999,72.33333333333333,65.91666666666666,53.08333333333333,52.499999999999986,53.66666666666666,52.499999999999986,46.66666666666666,45.49999999999999,45.49999999999999,38.5,43.16666666666666,45.49999999999999,0.8560000000000001,0.8560000000000001,0.8560000000000001,0.8560000000000001,0.8560000000000001,0.8560000000000001,0.8560000000000001,0.8325,0.8325,0.657,0.657,0.657,0.8325,0.8325,0.657,0.657,0.657,0.8325,0.8325,0.657,0.657,0.6350000000000001,0.6350000000000001,0.7460000000000001,0.924,0.924,0.924,0.924,0.924,0.924,0.924,1.035,1.035,1.123,1.123,1.123,1.035,1.035,1.123,1.123,1.123,1.035,1.035,1.123,1.123,1.035,1.035,0.924
2022-10-26,45.49999999999999,45.49999999999999,45.49999999999999,3.791666666666666,3.791666666666666,3.791666666666666,3.791666666666666,3.791666666666666,3.791666666666666,3.791666666666666,3.791666666666666,3.791666666666666,3.791666666666666,3.791666666666666,3.791666666666666,3.791666666666666,3.791666666666666,3.791666666666666,3.791666666666666,3.791666666666666,3.791666666666666,3.791666666666666,3.791666666666666,3.791666666666666,17.0,17.0,17.0,17.0,17.0,17.0,17.0,17.0,17.0,17.0,17.0,17.0,17.0,17.0,17.0,17.0,17.0,17.0,17.0,17.0,17.0,17.0,17.0,17.0,8.0,8.0,8.0,0.6666666666666665,0.6666666666666665,0.6666666666666665,0.6666666666666665,0.6666666666666665,0.6666666666666665,0.6666666666666665,0.6666666666666665,0.6666666666666665,0.6666666666666665,0.6666666666666665,0.6666666666666665,0.6666666666666665,0.6666666666666665,0.6666666666666665,0.6666666666666665,0.6666666666666665,0.6666666666666665,0.6666666666666665,0.6666666666666665,0.6666666666666665,45.49999999999999,45.49999999999999,45.49999999999999,3.791666666666666,3.791666666666665,3.791666666666665,3.791666666666665,3.791666666666665,3.791666666666665,3.791666666666665,3.791666666666665,3.791666666666665,3.791666666666665,3.791666666666665,3.791666666666665,3.791666666666665,3.791666666666665,3.791666666666665,3.791666666666665,3.791666666666665,3.791666666666665,3.791666666666665,3.791666666666665,3.791666666666665,0.8560000000000001,0.8560000000000001,0.8560000000000001,0.8560000000000001,0.8560000000000001,0.8560000000000001,0.8560000000000001,0.8325,0.8325,0.657,0.657,0.657,0.8325,0.8325,0.657,0.657,0.657,0.8325,0.8325,0.657,0.657,0.6350000000000001,0.6350000000000001,0.7460000000000001,0.924,0.924,0.924,0.924,0.924,0.924,0.924,1.035,1.035,1.123,1.123,1.123,1.035,1.035,1.123,1.123,1.123,1.035,1.035,1.123,1.123,1.035,1.035,0.924
2022-10-27,3.791666666666666,3.791666666666666,3.791666666666666,3.791666666666666,3.791666666666666,3.791666666666666,17.499999999999996,22.166666666666664,19.25,10.499999999999998,2.333333333333333,8.166666666666664,13.999999999999996,13.999999999999996,18.08333333333333,16.333333333333332,0.0,0.0,43.75,49.00000000000001,44.62499999999999,49.00000000000001,57.74999999999999,59.49999999999999,17.0,17.0,17.0,17.0,17.0,17.0,12.0,12.0,13.0,12.0,9.0,10.0,11.0,11.0,11.0,13.0,24.0,24.0,14.0,16.0,16.0,16.0,17.0,18.0,0.6666666666666665,0.6666666666666665,0.6666666666666665,0.6666666666666665,0.6666666666666665,0.6666666666666665,2.9999999999999982,3.416666666666666,3.2499999999999987,1.749999999999999,0.3333333333333332,1.166666666666666,1.999999999999999,1.999999999999999,2.583333333333333,2.333333333333333,0.0,0.0,6.249999999999998,6.999999999999998,6.583333333333332,7.499999999999997,8.75,9.0,3.791666666666665,3.791666666666665,3.791666666666665,3.791666666666665,3.791666666666665,16.92881944444444,17.499999999999993,22.166666666666664,19.249999999999996,10.499999999999996,2.333333333333333,8.166666666666664,13.999999999999996,13.999999999999996,18.08333333333333,16.333333333333332,0.0,25.95833333333333,43.75,49.0,44.625,49.0,57.75,59.5,0.8560000000000001,0.8560000000000001,0.8560000000000001,0.8560000000000001,0.8560000000000001,0.8560000000000001,0.8560000000000001,0.8325,0.8325,0.657,0.657,0.657,0.8325,0.8325,0.657,0.657,0.657,0.657,0.8325,0.657,0.657,0.6350000000000001,0.6350000000000001,0.7460000000000001,0.924,0.924,0.924,0.924,0.924,0.924,0.924,1.035,1.035,1.123,1.123,1.123,1.035,1.035,1.123,1.123,1.123,1.123,1.035,1.123,1.123,1.035,1.035,0.924
2022-10-28,59.49999999999999,59.49999999999999,59.49999999999999,59.49999999999999,59.49999999999999,59.49999999999999,59.49999999999999,63.87499999999999,62.99999999999999,57.75000000000001,59.49999999999999,58.91666666666667,58.62500000000001,53.66666666666666,52.5,52.5,48.99999999999999,36.75,35.0,39.08333333333332,35.58333333333333,41.99999999999999,47.83333333333333,49.0,18.0,18.0,18.0,18.0,18.0,18.0,18.0,18.0,19.0,19.0,18.0,19.0,18.0,19.0,18.0,18.0,18.0,16.0,15.0,15.0,15.0,16.0,16.0,17.0,9.0,9.0,9.0,9.0,9.0,9.0,9.0,9.75,9.999999999999998,9.249999999999996,9.5,9.416666666666664,9.749999999999998,9.166666666666666,9.0,9.0,8.333333333333334,6.249999999999999,5.999999999999999,6.583333333333331,6.083333333333333,6.999999999999999,7.833333333333332,7.999999999999999,59.5,59.5,59.5,59.5,59.5,59.5,59.5,63.87499999999999,62.999999999999986,57.74999999999999,59.49999999999999,58.91666666666666,58.62499999999999,53.666666666666664,52.5,52.5,49.0,36.74999999999999,34.99999999999999,39.08333333333332,35.58333333333333,41.999999999999986,47.83333333333333,49.0,0.8560000000000001,0.8560000000000001,0.8560000000000001,0.8560000000000001,0.8560000000000001,0.8560000000000001,0.8560000000000001,0.8325,0.8325,0.657,0.657,0.657,0.8325,0.8325,0.657,0.657,0.657,0.8325,0.8325,0.8325,0.657,0.6350000000000001,0.6350000000000001,0.7460000000000001,0.924,0.924,0.924,0.924,0.924,0.924,0.924,1.035,1.035,1.123,1.123,1.123,1.035,1.035,1.123,1.123,1.123,1.035,1.035,1.035,1.123,1.035,1.035,0.924
2022-10-29,49.0,49.0,49.0,49.0,49.0,49.0,49.0,49.0,49.0,49.0,47.833333333333336,29.166666666666664,28.0,25.666666666666664,24.5,25.666666666666664,28.0,34.41666666666666,35.0,35.0,39.66666666666666,41.99999999999999,49.0,49.0,17.0,17.0,17.0,17.0,17.0,17.0,17.0,17.0,17.0,17.0,17.0,15.0,14.0,14.0,14.0,13.0,14.0,14.0,15.0,15.0,15.0,16.0,17.0,17.0,7.999999999999999,7.999999999999999,7.999999999999999,7.999999999999999,7.999999999999999,7.999999999999999,7.999999999999999,7.999999999999999,7.999999999999999,7.999999999999999,7.833333333333332,5.166666666666665,4.999999999999999,4.583333333333332,4.499999999999999,4.666666666666665,4.999999999999999,5.916666666666666,5.999999999999999,5.999999999999999,6.666666666666665,6.999999999999999,7.999999999999999,7.999999999999999,49.0,49.0,49.0,49.0,49.0,49.0,49.0,49.0,49.0,49.0,47.83333333333333,29.166666666666664,27.999999999999996,25.666666666666664,24.499999999999996,25.666666666666664,27.999999999999996,34.41666666666666,34.99999999999999,34.99999999999999,39.66666666666666,41.999999999999986,49.0,49.0,0.8560000000000001,0.8560000000000001,0.8560000000000001,0.8560000000000001,0.8560000000000001,0.8560000000000001,0.8560000000000001,0.8325,0.8325,0.657,0.657,0.657,0.8325,0.8325,0.657,0.657,0.657,0.8325,0.8325,0.657,0.657,0.6350000000000001,0.6350000000000001,0.7460000000000001,0.924,0.924,0.924,0.924,0.924,0.924,0.924,1.035,1.035,1.123,1.123,1.123,1.035,1.035,1.123,1.123,1.123,1.035,1.035,1.123,1.123,1.035,1.035,0.924
2022-10-30,49.0,50.75000000000001,56.00000000000001,56.00000000000001,56.00000000000001,53.08333333333333,49.0,46.66666666666666,41.99999999999999,41.99999999999999,41.99999999999999,41.99999999999999,41.99999999999999,43.74999999999999,42.29166666666666,49.0,39.08333333333332,41.99999999999999,41.99999999999999,45.79166666666666,45.5,47.83333333333334,52.50000000000001,52.50000000000001,17.0,17.0,18.0,18.0,18.0,18.0,17.0,17.0,16.0,16.0,16.0,16.0,16.0,16.0,15.0,17.0,17.0,16.0,16.0,16.0,16.0,16.0,17.0,17.0,7.999999999999999,8.249999999999998,8.999999999999996,8.999999999999996,8.999999999999996,8.583333333333332,7.999999999999999,7.666666666666667,6.999999999999999,6.999999999999999,6.999999999999999,6.999999999999999,6.999999999999999,7.249999999999999,6.916666666666665,7.999999999999999,6.583333333333333,6.999999999999999,6.999999999999999,7.499999999999998,6.999999999999999,7.333333333333331,7.999999999999997,7.999999999999997,49.0,50.74999999999999,55.99999999999999,55.99999999999999,55.99999999999999,53.08333333333333,49.0,46.66666666666666,41.999999999999986,41.999999999999986,41.999999999999986,41.999999999999986,41.999999999999986,43.74999999999999,42.29166666666666,49.0,39.08333333333333,41.999999999999986,41.999999999999986,45.79166666666666,45.5,47.83333333333333,52.5,52.5,0.8560000000000001,0.8560000000000001,0.8560000000000001,0.8560000000000001,0.8560000000000001,0.8560000000000001,0.8560000000000001,0.8325,0.8325,0.657,0.657,0.657,0.8325,0.8325,0.657,0.657,0.657,0.8325,0.8325,0.8325,0.657,0.6350000000000001,0.6350000000000001,0.6350000000000001,0.924,0.924,0.924,0.924,0.924,0.924,0.924,1.035,1.035,1.123,1.123,1.123,1.035,1.035,1.123,1.123,1.123,1.035,1.035,1.035,1.123,1.035,1.035,1.035
2022-10-31,52.50000000000001,52.50000000000001,52.50000000000001,52.50000000000001,52.50000000000001,52.50000000000001,52.50000000000001,59.49999999999999,48.41666666666666,33.25,28.0,25.08333333333333,21.58333333333333,28.0,21.0,25.08333333333333,28.0,28.58333333333333,40.24999999999999,49.0,49.0,49.0,49.0,49.0,17.0,17.0,17.0,17.0,17.0,17.0,17.0,18.0,18.0,16.0,14.0,14.0,13.0,14.0,13.0,13.0,14.0,14.0,15.0,17.0,17.0,17.0,17.0,17.0,7.999999999999997,7.999999999999997,7.999999999999997,7.999999999999997,7.999999999999997,7.999999999999997,7.999999999999997,9.0,7.583333333333333,5.749999999999999,4.999999999999999,4.583333333333331,4.083333333333331,4.999999999999999,3.999999999999998,4.583333333333332,4.999999999999999,5.083333333333332,6.749999999999998,7.999999999999999,7.999999999999999,7.999999999999999,7.999999999999999,7.999999999999999,52.5,52.5,52.5,52.5,52.5,52.5,52.5,59.5,48.416666666666664,33.24999999999999,27.999999999999996,25.08333333333333,21.58333333333333,27.999999999999996,20.999999999999993,25.08333333333333,27.999999999999996,28.58333333333333,40.24999999999999,49.0,49.0,49.0,49.0,49.0,0.7460000000000001,0.8560000000000001,0.8560000000000001,0.8560000000000001,0.8560000000000001,0.8560000000000001,0.8560000000000001,0.8325,0.8325,0.657,0.657,0.657,0.8325,0.8325,0.657,0.657,0.657,0.8325,0.8325,0.657,0.657,0.6350000000000001,0.6350000000000001,0.7460000000000001,0.924,0.924,0.924,0.924,0.924,0.924,0.924,1.035,1.035,1.123,1.123,1.123,1.035,1.035,1.123,1.123,1.123,1.035,1.035,1.123,1.123,1.035,1.035,0.924
2022-11-01,43.74999999999999,49.0,49.0,49.0,49.0,49.0,47.83333333333333,42.87499999999999,41.99999999999999,32.666666666666664,23.916666666666657,26.83333333333333,28.0,25.666666666666664,18.08333333333333,13.999999999999996,13.999999999999996,17.499999999999993,26.25,28.0,35.58333333333333,49.00000000000001,56.00000000000001,56.00000000000001,11.0,11.0,11.0,11.0,11.0,11.0,11.0,10.0,10.0,10.0,8.0,7.0,8.0,8.0,7.0,6.0,6.0,6.0,7.0,8.0,8.0,10.0,12.0,12.0,7.249999999999998,7.999999999999999,7.999999999999999,7.999999999999999,7.999999999999999,7.999999999999999,7.833333333333333,6.75,6.999999999999999,5.666666666666665,4.416666666666665,4.833333333333332,4.999999999999999,4.666666666666665,3.583333333333332,2.9999999999999982,2.9999999999999982,3.4999999999999982,4.749999999999999,4.999999999999999,6.083333333333332,7.999999999999998,8.999999999999996,8.999999999999996,43.74999999999999,49.0,49.0,49.0,49.0,49.0,47.83333333333333,42.87499999999999,41.999999999999986,32.66666666666666,23.91666666666666,26.83333333333333,27.999999999999996,25.666666666666664,18.08333333333333,13.999999999999996,13.999999999999996,17.499999999999996,26.249999999999996,27.999999999999996,35.58333333333333,48.99999999999999,55.99999999999999,55.99999999999999,0.7460000000000001,0.8560000000000001,0.8560000000000001,0.8560000000000001,0.8560000000000001,0.8560000000000001,0.8560000000000001,0.8325,0.8325,0.657,0.657,0.657,0.8325,0.8325,0.657,0.657,0.657,0.8325,0.8325,0.657,0.657,0.6350000000000001,0.6350000000000001,0.7460000000000001,0.924,0.924,0.924,0.924,0.924,0.924,0.924,1.035,1.035,1.123,1.123,1.123,1.035,1.035,1.123,1.123,1.123,1.035,1.035,1.123,1.123,1.035,1.035,0.924
2022-11-02,56.00000000000001,56.00000000000001,56.00000000000001,56.00000000000001,56.00000000000001,56.00000000000001,56.00000000000001,49.29166666666666,29.45833333333333,17.499999999999996,17.499999999999996,17.499999999999996,17.499999999999996,21.0,24.5,24.5,24.5,24.5,31.5,34.41666666666666,38.5,46.66666666666666,51.33333333333333,45.49999999999999,12.0,12.0,12.0,12.0,12.0,12.0,12.0,12.0,10.0,7.0,7.0,7.0,7.0,7.0,8.0,8.0,8.0,8.0,9.0,9.0,10.0,10.0,12.0,11.0,8.999999999999996,8.999999999999996,8.999999999999996,8.999999999999996,8.999999999999996,8.999999999999996,8.999999999999996,7.666666666666666,5.583333333333333,4.0,4.0,4.0,4.0,4.499999999999999,4.999999999999999,4.999999999999999,4.999999999999999,4.999999999999999,6.0,6.416666666666667,7.0,8.166666666666666,8.833333333333334,8.0,55.99999999999999,55.99999999999999,55.99999999999999,55.99999999999999,55.99999999999999,55.99999999999999,55.99999999999999,49.291666666666664,29.45833333333333,17.499999999999996,17.499999999999996,17.499999999999996,17.499999999999996,20.999999999999993,24.499999999999993,24.499999999999993,24.499999999999993,24.499999999999993,31.5,34.416666666666664,38.5,46.666666666666664,51.33333333333333,45.49999999999999,0.8560000000000001,0.8560000000000001,0.8560000000000001,0.8560000000000001,0.8560000000000001,0.8560000000000001,0.8560000000000001,0.8325,0.8325,0.657,0.657,0.657,0.8325,0.8325,0.657,0.657,0.657,0.8325,0.8325,0.657,0.657,0.6350000000000001,0.6350000000000001,0.7460000000000001,0.924,0.924,0.924,0.924,0.924,0.924,0.924,1.035,1.035,1.123,1.123,1.123,1.035,1.035,1.123,1.123,1.123,1.035,1.035,1.123,1.123,1.035,1.035,0.924
2022-11-03,53.66666666666666,51.91666666666666,49.583333333333336,55.70833333333333,55.99999999999999,59.20833333333332,58.62499999999999,49.29166666666666,58.33333333333332,60.08333333333332,45.49999999999999,54.54166666666666,59.79166666666666,47.83333333333333,61.83333333333333,68.54166666666666,67.37499999999997,62.70833333333333,69.70833333333333,71.16666666666666,56.29166666666666,65.625,59.20833333333332,61.54166666666666,11.0,13.0,13.0,13.0,13.0,13.0,19.0,7.0,10.0,13.0,15.0,15.0,15.0,13.0,17.0,17.0,24.0,18.0,15.0,19.0,20.0,12.0,19.0,18.0,8.666666666666664,8.333333333333332,8.166666666666664,8.999999999999998,8.999999999999998,9.416666666666664,9.333333333333332,7.666666666666666,9.333333333333332,9.33333333333333,7.083333333333332,8.583333333333332,9.333333333333332,7.333333333333331,9.333333333333332,10.583333333333332,10.416666666666664,9.916666666666666,11.166666666666666,11.0,8.833333333333332,10.33333333333333,9.416666666666664,9.75,59.791666666666664,51.916666666666664,49.58333333333333,55.70833333333333,55.99999999999999,59.20833333333333,58.62499999999999,49.291666666666664,58.33333333333333,60.08333333333332,45.49999999999999,54.54166666666666,59.79166666666666,47.83333333333333,61.83333333333332,68.54166666666666,67.37499999999999,62.70833333333333,69.70833333333333,71.16666666666666,56.29166666666666,65.62499999999999,59.20833333333333,61.54166666666666,0.8560000000000001,0.8560000000000001,0.8560000000000001,0.8560000000000001,0.8560000000000001,0.8560000000000001,0.8560000000000001,0.8325,0.8325,0.657,0.657,0.657,0.8325,0.8325,0.657,0.657,0.657,0.8325,0.8325,0.657,0.657,0.6350000000000001,0.6350000000000001,0.7460000000000001,0.924,0.924,0.924,0.924,0.924,0.924,0.924,1.035,1.035,1.123,1.123,1.123,1.035,1.035,1.123,1.123,1.123,1.035,1.035,1.123,1.123,1.035,1.035,0.924
2022-11-04,63.87499999999999,61.24999999999999,67.08333333333333,59.49999999999999,65.33333333333331,69.70833333333331,68.83333333333333,54.25,67.66666666666666,65.04166666666666,62.12499999999999,67.375,66.49999999999999,72.33333333333333,67.08333333333333,71.16666666666666,66.79166666666666,62.41666666666666,58.33333333333332,50.16666666666666,58.91666666666666,60.08333333333333,60.95833333333333,62.12499999999999,19.0,17.0,15.0,12.0,14.0,21.0,19.0,14.0,17.0,13.0,20.0,18.0,18.0,10.0,16.0,24.0,11.0,15.0,16.0,21.0,14.0,13.0,15.0,13.0,9.833333333333332,9.583333333333332,10.416666666666664,9.416666666666666,10.333333333333332,10.749999999999996,10.666666666666666,8.416666666666664,10.416666666666664,9.833333333333332,9.666666666666666,10.416666666666664,10.249999999999998,11.416666666666666,10.333333333333332,11.083333333333332,10.333333333333332,9.749999999999998,9.166666666666666,8.083333333333332,9.333333333333332,9.583333333333332,9.666666666666664,9.999999999999998,63.87499999999999,61.24999999999999,67.08333333333333,59.49999999999999,65.33333333333333,69.70833333333333,68.83333333333333,54.24999999999999,67.66666666666666,65.04166666666666,62.12499999999999,67.37499999999999,66.49999999999999,72.33333333333333,67.08333333333333,71.16666666666666,66.79166666666666,62.41666666666666,58.33333333333333,50.16666666666666,58.91666666666666,60.08333333333333,60.95833333333333,62.12499999999999,0.8560000000000001,0.8560000000000001,0.8560000000000001,0.8560000000000001,0.8560000000000001,0.8560000000000001,0.8560000000000001,0.8325,0.8325,0.657,0.657,0.657,0.8325,0.8325,0.657,0.657,0.657,0.8325,0.8325,0.657,0.657,0.6350000000000001,0.6350000000000001,0.7460000000000001,0.924,0.924,0.924,0.924,0.924,0.924,0.924,1.035,1.035,1.123,1.123,1.123,1.035,1.035,1.123,1.123,1.123,1.035,1.035,1.123,1.123,1.035,1.035,0.924
2022-11-05,63.0,63.0,63.0,63.0,63.0,63.0,63.0,63.0,63.0,65.33333333333333,61.24999999999999,59.49999999999998,55.41666666666665,40.83333333333333,42.58333333333333,48.99999999999999,45.49999999999999,46.66666666666666,51.04166666666666,54.24999999999999,53.66666666666666,54.25000000000001,59.50000000000001,59.50000000000001,13.0,13.0,13.0,13.0,13.0,13.0,13.0,13.0,13.0,13.0,14.0,13.0,13.0,11.0,10.0,11.0,11.0,11.0,11.0,12.0,12.0,12.0,13.0,13.0,9.999999999999996,9.999999999999996,9.999999999999996,9.999999999999996,9.999999999999996,9.999999999999996,9.999999999999996,9.999999999999996,9.999999999999996,10.749999999999998,10.25,10.0,9.416666666666664,7.333333333333332,7.583333333333332,8.5,7.999999999999999,7.999999999999999,8.583333333333332,9.25,9.166666666666668,9.25,9.999999999999998,9.999999999999998,63.0,63.0,63.0,63.0,63.0,63.0,63.0,63.0,63.0,65.33333333333333,61.249999999999986,59.499999999999986,55.41666666666666,40.83333333333333,42.58333333333333,48.99999999999999,45.49999999999999,46.66666666666666,51.04166666666666,54.249999999999986,53.666666666666664,54.25,59.5,59.5,0.8560000000000001,0.8560000000000001,0.8560000000000001,0.8560000000000001,0.8560000000000001,0.8560000000000001,0.8560000000000001,0.8325,0.8325,0.657,0.657,0.657,0.8325,0.8325,0.657,0.657,0.657,0.8325,0.8325,0.657,0.657,0.6350000000000001,0.6350000000000001,0.7460000000000001,0.924,0.924,0.924,0.924,0.924,0.924,0.924,1.035,1.035,1.123,1.123,1.123,1.035,1.035,1.123,1.123,1.123,1.035,1.035,1.123,1.123,1.035,1.035,0.924
2022-11-06,59.50000000000001,59.50000000000001,59.50000000000001,59.50000000000001,59.50000000000001,59.50000000000001,59.50000000000001,59.50000000000001,59.50000000000001,59.50000000000001,64.75,61.25,58.91666666666666,56.583333333333314,60.083333333333314,64.16666666666666,58.33333333333333,57.74999999999999,71.75,73.5,69.41666666666667,63.0,63.0,62.41666666666667,13.0,13.0,13.0,13.0,13.0,13.0,13.0,13.0,13.0,13.0,13.0,14.0,13.0,13.0,13.0,14.0,13.0,12.0,14.0,15.0,15.0,13.0,13.0,13.0,9.999999999999998,9.999999999999998,9.999999999999998,9.999999999999998,9.999999999999998,9.999999999999998,9.999999999999998,9.999999999999998,9.999999999999998,9.999999999999998,10.666666666666664,10.25,9.833333333333332,9.583333333333332,10.083333333333332,10.666666666666666,9.833333333333334,9.749999999999998,11.749999999999996,11.999999999999996,11.416666666666664,9.999999999999996,9.999999999999996,9.916666666666664,59.5,59.5,59.5,59.5,59.5,59.5,59.5,59.5,59.5,59.5,64.75,61.24999999999999,58.916666666666664,56.58333333333332,60.08333333333332,64.16666666666666,58.33333333333333,57.749999999999986,71.74999999999999,73.49999999999999,69.41666666666666,63.0,63.0,62.416666666666664,0.7460000000000001,0.8560000000000001,0.8560000000000001,0.8560000000000001,0.8560000000000001,0.8560000000000001,0.8560000000000001,0.8325,0.8325,0.657,0.657,0.657,0.8325,0.8325,0.657,0.657,0.657,0.8325,0.8325,0.657,0.657,0.6350000000000001,0.6350000000000001,0.7460000000000001,0.924,0.924,0.924,0.924,0.924,0.924,0.924,1.035,1.035,1.123,1.123,1.123,1.035,1.035,1.123,1.123,1.123,1.035,1.035,1.123,1.123,1.035,1.035,0.924
2022-11-07,63.0,63.0,63.0,63.0,58.91666666666666,56.0,56.0,57.75,58.91666666666666,60.66666666666666,53.958333333333336,57.16666666666666,64.74999999999999,64.75,59.5,57.74999999999999,58.91666666666666,41.12499999999999,31.5,41.99999999999999,43.74999999999999,45.49999999999999,40.833333333333314,38.49999999999999,13.0,13.0,13.0,13.0,13.0,12.0,12.0,13.0,12.0,13.0,12.0,11.0,12.0,13.0,12.0,12.0,12.0,11.0,9.0,9.0,9.0,10.0,10.0,9.0,9.999999999999996,9.999999999999996,9.999999999999996,9.999999999999996,9.416666666666664,8.999999999999998,8.999999999999998,9.249999999999998,9.416666666666664,9.666666666666664,8.416666666666666,8.666666666666666,9.75,9.749999999999996,9.0,8.749999999999998,8.916666666666664,6.333333333333332,4.999999999999998,6.499999999999998,6.749999999999999,6.999999999999999,6.333333333333332,5.999999999999999,63.0,63.0,63.0,63.0,58.916666666666664,55.99999999999999,55.99999999999999,57.75,58.91666666666666,60.66666666666666,53.95833333333333,57.16666666666666,64.74999999999999,64.74999999999999,59.499999999999986,57.749999999999986,58.91666666666665,41.12499999999999,31.499999999999993,41.99999999999999,43.74999999999999,45.49999999999999,40.83333333333333,38.49999999999999,0.8560000000000001,0.8560000000000001,0.8560000000000001,0.8560000000000001,0.8560000000000001,0.8560000000000001,0.8560000000000001,0.8325,0.8325,0.657,0.657,0.657,0.8325,0.8325,0.657,0.657,0.657,0.8325,0.8325,0.657,0.657,0.6350000000000001,0.6350000000000001,0.7460000000000001,0.924,0.924,0.924,0.924,0.924,0.924,0.924,1.035,1.035,1.123,1.123,1.123,1.035,1.035,1.123,1.123,1.123,1.035,1.035,1.123,1.123,1.035,1.035,0.924
2022-11-08,38.49999999999999,38.49999999999999,38.49999999999999,38.49999999999999,38.49999999999999,38.49999999999999,38.49999999999999,37.04166666666666,47.83333333333333,45.49999999999999,40.24999999999999,34.999999999999986,34.999999999999986,32.08333333333333,28.0,28.0,28.0,30.33333333333332,36.16666666666666,47.83333333333333,36.16666666666666,39.66666666666666,44.333333333333314,48.99999999999999,9.0,9.0,9.0,9.0,9.0,9.0,9.0,9.0,10.0,11.0,10.0,9.0,9.0,9.0,8.0,8.0,8.0,8.0,9.0,11.0,10.0,10.0,9.0,11.0,5.999999999999999,5.999999999999999,5.999999999999999,5.999999999999999,5.999999999999999,5.999999999999999,5.999999999999999,5.833333333333332,7.83333333333333,7.499999999999998,6.749999999999998,5.9999999999999964,5.9999999999999964,5.58333333333333,4.999999999999997,4.999999999999997,4.999999999999997,5.33333333333333,6.166666666666664,7.833333333333332,6.166666666666665,6.666666666666665,7.333333333333331,7.999999999999998,38.49999999999999,38.49999999999999,38.49999999999999,38.49999999999999,38.49999999999999,38.49999999999999,38.49999999999999,37.04166666666666,47.83333333333332,45.499999999999986,40.24999999999999,34.99999999999999,34.99999999999999,32.08333333333333,27.999999999999996,27.999999999999996,27.999999999999996,30.33333333333333,36.16666666666666,47.83333333333333,36.16666666666666,39.66666666666666,44.33333333333333,48.999999999999986,0.8560000000000001,0.8560000000000001,0.8560000000000001,0.8560000000000001,0.8560000000000001,0.8560000000000001,0.8560000000000001,0.8325,0.8325,0.657,0.657,0.657,0.8325,0.8325,0.657,0.657,0.657,0.8325,0.8325,0.657,0.657,0.6350000000000001,0.6350000000000001,0.7460000000000001,0.924,0.924,0.924,0.924,0.924,0.924,0.924,1.035,1.035,1.123,1.123,1.123,1.035,1.035,1.123,1.123,1.123,1.035,1.035,1.123,1.123,1.035,1.035,0.924
2022-11-09,48.99999999999999,48.99999999999999,48.99999999999999,48.99999999999999,48.99999999999999,48.99999999999999,48.99999999999999,44.04166666666666,62.70833333333333,52.5,52.5,50.75,45.5,44.33333333333333,31.5,31.5,31.5,33.24999999999999,33.24999999999999,39.08333333333333,45.5,59.5,59.5,54.54166666666666,11.0,11.0,11.0,11.0,11.0,11.0,11.0,11.0,12.0,12.0,12.0,12.0,11.0,11.0,9.0,9.0,9.0,9.0,10.0,9.0,11.0,13.0,13.0,13.0,7.999999999999998,7.999999999999998,7.999999999999998,7.999999999999998,7.999999999999998,7.999999999999998,7.999999999999998,7.08333333333333,10.333333333333334,8.999999999999998,8.999999999999998,8.749999999999998,7.999999999999999,7.833333333333332,5.999999999999998,5.999999999999998,5.999999999999998,6.249999999999998,6.249999999999999,7.083333333333334,8.0,10.0,10.0,9.166666666666666,48.999999999999986,48.999999999999986,48.999999999999986,48.999999999999986,48.999999999999986,48.999999999999986,48.999999999999986,44.04166666666666,62.70833333333333,52.499999999999986,52.499999999999986,50.74999999999999,45.49999999999999,44.33333333333333,31.49999999999999,31.49999999999999,31.49999999999999,33.249999999999986,33.24999999999999,39.08333333333333,45.49999999999999,59.5,59.5,54.541666666666664,0.8560000000000001,0.8560000000000001,0.8560000000000001,0.8560000000000001,0.8560000000000001,0.8560000000000001,0.8560000000000001,0.8560000000000001,0.8560000000000001,0.8560000000000001,0.8560000000000001,0.8560000000000001,0.8560000000000001,0.8325,0.657,0.657,0.657,0.8325,0.8325,0.657,0.657,0.657,0.6350000000000001,0.7460000000000001,0.924,0.924,0.924,0.924,0.924,0.924,0.924,0.924,0.924,0.924,0.924,0.924,0.924,1.035,1.123,1.123,1.123,1.035,1.035,1.123,1.123,1.123,1.035,0.924
2022-11-10,59.5,59.5,59.5,59.5,59.5,59.5,59.20833333333333,51.91666666666666,53.66666666666665,58.33333333333333,51.33333333333333,47.25,53.66666666666666,62.99999999999999,60.66666666666666,58.91666666666666,56.0,58.91666666666666,65.62499999999999,61.833333333333314,59.49999999999998,59.49999999999999,62.41666666666666,62.99999999999999,13.0,13.0,13.0,13.0,13.0,13.0,13.0,12.0,11.0,13.0,12.0,11.0,11.0,13.0,13.0,12.0,12.0,12.0,14.0,14.0,13.0,13.0,13.0,14.0,10.0,10.0,10.0,10.0,10.0,10.0,9.916666666666666,8.166666666666664,8.666666666666664,9.333333333333332,8.333333333333332,7.749999999999999,8.666666666666664,10.0,9.666666666666664,9.416666666666664,9.0,9.75,10.75,10.333333333333332,10.0,9.999999999999998,10.416666666666666,10.5,59.5,59.5,59.5,59.5,59.5,59.5,59.20833333333333,51.91666666666666,53.66666666666666,58.33333333333333,51.33333333333333,47.24999999999999,53.66666666666666,62.999999999999986,60.66666666666666,58.91666666666666,55.99999999999999,58.916666666666664,65.62499999999999,61.83333333333332,59.499999999999986,59.499999999999986,62.416666666666664,62.99999999999999,0.8560000000000001,0.8560000000000001,0.8560000000000001,0.8560000000000001,0.8560000000000001,0.8560000000000001,0.8560000000000001,0.8325,0.8325,0.657,0.657,0.657,0.8325,0.8325,0.8325,0.657,0.657,0.8325,0.8325,0.657,0.657,0.6350000000000001,0.6350000000000001,0.7460000000000001,0.924,0.924,0.924,0.924,0.924,0.924,0.924,1.035,1.035,1.123,1.123,1.123,1.035,1.035,1.035,1.123,1.123,1.035,1.035,1.123,1.123,1.035,1.035,0.924
2022-11-11,66.5,66.5,66.5,66.5,66.5,66.5,66.5,59.79166666666666,55.41666666666666,46.08333333333333,48.99999999999999,49.875,49.0,38.5,36.74999999999999,47.83333333333333,43.16666666666666,38.20833333333333,49.0,59.5,64.75,52.49999999999999,63.0,63.0,14.0,14.0,14.0,14.0,14.0,14.0,14.0,14.0,12.0,11.0,10.0,12.0,11.0,9.0,9.0,10.0,9.0,8.0,11.0,11.0,13.0,13.0,13.0,13.0,11.0,11.0,11.0,11.0,11.0,11.0,11.0,9.583333333333332,8.916666666666664,7.416666666666666,7.833333333333333,7.916666666666665,7.499999999999999,5.999999999999998,5.333333333333332,6.833333333333333,6.166666666666666,5.916666666666666,7.999999999999999,9.499999999999996,10.249999999999998,8.416666666666664,9.999999999999996,9.999999999999996,66.5,66.5,66.5,66.5,66.5,66.5,66.5,59.791666666666664,55.41666666666666,46.08333333333333,48.99999999999999,49.87499999999999,48.99999999999999,38.49999999999999,36.74999999999999,47.83333333333333,43.16666666666666,38.20833333333333,49.0,59.5,64.75,52.49999999999999,63.0,63.0,0.8560000000000001,0.8560000000000001,0.8560000000000001,0.8560000000000001,0.8560000000000001,0.8560000000000001,0.8560000000000001,0.8325,0.8325,0.657,0.657,0.657,0.8325,0.8325,0.657,0.657,0.657,0.8325,0.8325,0.657,0.657,0.6350000000000001,0.6350000000000001,0.7460000000000001,0.924,0.924,0.924,0.924,0.924,0.924,0.924,1.035,1.035,1.123,1.123,1.123,1.035,1.035,1.123,1.123,1.123,1.035,1.035,1.123,1.123,1.035,1.035,0.924
2022-11-12,69.99999999999999,69.99999999999999,69.99999999999999,69.99999999999999,69.99999999999999,69.99999999999999,69.99999999999999,69.99999999999999,74.08333333333331,72.33333333333334,70.0,73.79166666666667,87.5,80.20833333333331,82.83333333333331,90.41666666666666,91.0,89.25,82.83333333333331,85.74999999999999,87.49999999999999,85.16666666666666,79.33333333333331,75.83333333333333,14.0,14.0,14.0,14.0,14.0,14.0,14.0,14.0,14.0,15.0,14.0,14.0,16.0,18.0,16.0,17.0,18.0,17.0,17.0,16.0,17.0,17.0,16.0,15.0,10.999999999999998,10.999999999999998,10.999999999999998,10.999999999999998,10.999999999999998,10.999999999999998,10.999999999999998,10.999999999999998,11.583333333333332,11.33333333333333,10.999999999999996,11.916666666666664,14.0,12.833333333333332,13.333333333333332,14.416666666666666,14.5,14.25,13.333333333333332,13.75,14.0,13.666666666666666,12.833333333333332,12.333333333333332,69.99999999999999,69.99999999999999,69.99999999999999,69.99999999999999,69.99999999999999,69.99999999999999,69.99999999999999,69.99999999999999,74.08333333333333,72.33333333333331,69.99999999999999,73.79166666666666,87.49999999999999,80.20833333333333,82.83333333333331,90.41666666666666,91.0,89.24999999999999,82.83333333333331,85.74999999999999,87.49999999999999,85.16666666666666,79.33333333333331,75.83333333333331,0.8560000000000001,0.8560000000000001,0.8560000000000001,0.8560000000000001,0.8560000000000001,0.8560000000000001,0.8560000000000001,0.8325,0.8325,0.657,0.657,0.657,0.8325,0.8325,0.657,0.657,0.657,0.8325,0.8325,0.657,0.657,0.6350000000000001,0.6350000000000001,0.7460000000000001,0.924,0.924,0.924,0.924,0.924,0.924,0.924,1.035,1.035,1.123,1.123,1.123,1.035,1.035,1.123,1.123,1.123,1.035,1.035,1.123,1.123,1.035,1.035,0.924
2022-11-13,80.49999999999999,80.49999999999999,80.49999999999999,80.49999999999999,80.49999999999999,80.49999999999999,80.49999999999999,79.33333333333331,63.58333333333334,66.5,64.16666666666666,58.33333333333333,57.16666666666666,72.91666666666666,76.99999999999999,78.16666666666666,73.49999999999999,73.20833333333331,65.33333333333333,67.08333333333331,62.99999999999999,62.99999999999999,58.91666666666667,54.25,16.0,16.0,16.0,16.0,16.0,16.0,16.0,16.0,15.0,14.0,14.0,13.0,12.0,14.0,15.0,16.0,15.0,16.0,13.0,14.0,13.0,13.0,13.0,12.0,13.0,13.0,13.0,13.0,13.0,13.0,13.0,12.833333333333332,10.583333333333332,10.999999999999998,10.666666666666666,9.833333333333334,9.666666666666664,11.916666666666668,12.5,12.666666666666666,12.0,11.583333333333332,10.33333333333333,10.583333333333332,9.999999999999998,9.999999999999998,9.416666666666664,8.666666666666664,80.49999999999999,80.49999999999999,80.49999999999999,80.49999999999999,80.49999999999999,80.49999999999999,80.49999999999999,79.33333333333331,63.58333333333333,66.5,64.16666666666666,58.33333333333333,57.16666666666666,72.91666666666666,76.99999999999999,78.16666666666666,73.49999999999999,73.20833333333331,65.33333333333331,67.08333333333331,62.999999999999986,62.999999999999986,58.91666666666666,54.25,0.8560000000000001,0.8560000000000001,0.8560000000000001,0.8560000000000001,0.8560000000000001,0.8560000000000001,0.8560000000000001,0.8325,0.8325,0.657,0.657,0.657,0.8325,0.8325,0.657,0.657,0.657,0.8325,0.8325,0.657,0.657,0.6350000000000001,0.6350000000000001,0.7460000000000001,0.924,0.924,0.924,0.924,0.924,0.924,0.924,1.035,1.035,1.123,1.123,1.123,1.035,1.035,1.123,1.123,1.123,1.035,1.035,1.123,1.123,1.035,1.035,0.924
2022-11-14,63.0,63.0,63.0,63.0,63.0,63.0,63.0,60.958333333333336,65.91666666666666,64.74999999999999,62.99999999999999,66.5,73.5,75.83333333333333,68.25,63.0,58.91666666666666,54.24999999999999,54.83333333333332,55.12499999999999,48.99999999999999,35.0,31.5,31.5,13.0,13.0,13.0,13.0,13.0,13.0,13.0,13.0,13.0,13.0,13.0,13.0,14.0,15.0,14.0,13.0,13.0,12.0,12.0,12.0,11.0,9.0,8.0,8.0,9.999999999999996,9.999999999999996,9.999999999999996,9.999999999999996,9.999999999999996,9.999999999999996,9.999999999999996,9.58333333333333,10.416666666666664,10.25,10.0,10.499999999999998,11.5,11.833333333333332,10.75,9.999999999999998,9.416666666666664,8.749999999999998,8.833333333333332,8.749999999999998,7.499999999999998,5.499999999999998,4.999999999999999,4.999999999999999,63.0,63.0,63.0,63.0,63.0,63.0,63.0,60.95833333333333,65.91666666666666,64.74999999999999,62.999999999999986,66.5,73.5,75.83333333333333,68.25,62.999999999999986,58.91666666666665,54.24999999999999,54.83333333333333,55.12499999999999,48.99999999999999,34.99999999999999,31.5,31.5,0.8560000000000001,0.8560000000000001,0.8560000000000001,0.8560000000000001,0.8560000000000001,0.8560000000000001,0.8560000000000001,0.8325,0.8325,0.657,0.657,0.657,0.8325,0.8325,0.657,0.657,0.657,0.8325,0.8325,0.657,0.657,0.6350000000000001,0.6350000000000001,0.7460000000000001,0.924,0.924,0.924,0.924,0.924,0.924,0.924,1.035,1.035,1.123,1.123,1.123,1.035,1.035,1.123,1.123,1.123,1.035,1.035,1.123,1.123,1.035,1.035,0.924
2022-11-15,31.5,31.5,31.5,31.5,31.5,31.5,31.5,30.04166666666666,50.16666666666666,62.99999999999999,59.49999999999999,61.83333333333333,72.91666666666666,76.41666666666666,78.74999999999997,73.49999999999997,64.74999999999999,52.5,50.16666666666666,39.08333333333333,28.0,34.41666666666666,41.99999999999998,45.49999999999999,8.0,8.0,8.0,8.0,8.0,8.0,8.0,8.0,9.0,12.0,12.0,12.0,13.0,14.0,15.0,14.0,13.0,12.0,10.0,10.0,8.0,7.0,9.0,10.0,4.999999999999999,4.999999999999999,4.999999999999999,4.999999999999999,4.999999999999999,4.999999999999999,4.999999999999999,4.583333333333333,7.666666666666666,9.499999999999998,9.0,9.333333333333332,10.916666666666666,11.416666666666664,11.75,11.0,9.749999999999998,7.999999999999999,7.666666666666666,6.083333333333332,4.499999999999999,5.416666666666666,6.499999999999999,6.999999999999999,31.5,31.5,31.5,31.5,31.5,31.5,31.5,30.041666666666664,50.16666666666666,62.999999999999986,59.499999999999986,61.83333333333332,72.91666666666667,76.41666666666666,78.74999999999999,73.49999999999997,64.74999999999999,52.499999999999986,50.166666666666664,39.08333333333333,28.0,34.416666666666664,41.99999999999999,45.49999999999999,0.8560000000000001,0.8560000000000001,0.8560000000000001,0.8560000000000001,0.8560000000000001,0.8560000000000001,0.8560000000000001,0.8325,0.8325,0.657,0.657,0.657,0.8325,0.8325,0.657,0.657,0.657,0.8325,0.8325,0.657,0.657,0.6350000000000001,0.6350000000000001,0.7460000000000001,0.924,0.924,0.924,0.924,0.924,0.924,0.924,1.035,1.035,1.123,1.123,1.123,1.035,1.035,1.123,1.123,1.123,1.035,1.035,1.123,1.123,1.035,1.035,0.924
2022-11-16,45.49999999999999,45.49999999999999,45.49999999999999,45.49999999999999,45.49999999999999,45.49999999999999,39.08333333333332,42.58333333333332,50.16666666666666,71.75,70.0,68.25,77.0,74.08333333333334,67.66666666666666,63.0,63.0,51.33333333333333,30.916666666666664,37.91666666666666,58.33333333333333,52.5,62.99999999999999,61.25,10.0,10.0,10.0,10.0,10.0,10.0,10.0,9.0,10.0,13.0,14.0,13.0,15.0,15.0,14.0,13.0,13.0,13.0,10.0,8.0,12.0,12.0,13.0,13.0,6.999999999999999,6.999999999999999,6.999999999999999,6.999999999999999,6.999999999999999,6.999999999999999,6.083333333333333,6.33333333333333,7.666666666666666,10.749999999999996,10.499999999999996,10.33333333333333,11.999999999999996,11.583333333333329,10.666666666666664,9.999999999999998,9.999999999999998,8.33333333333333,5.416666666666665,6.416666666666664,9.333333333333332,8.499999999999998,9.999999999999998,9.749999999999998,45.49999999999999,45.49999999999999,45.49999999999999,45.49999999999999,45.49999999999999,45.49999999999999,39.08333333333333,42.58333333333333,50.166666666666664,71.75,70.0,68.25,77.0,74.08333333333333,67.66666666666666,62.999999999999986,62.999999999999986,51.33333333333332,30.91666666666666,37.91666666666666,58.33333333333333,52.49999999999999,63.0,61.25,0.8560000000000001,0.8560000000000001,0.8560000000000001,0.8560000000000001,0.8560000000000001,0.8560000000000001,0.8560000000000001,0.8325,0.8325,0.657,0.657,0.657,0.8325,0.8325,0.657,0.657,0.657,0.8325,0.8325,0.657,0.657,0.6350000000000001,0.6350000000000001,0.7460000000000001,0.924,0.924,0.924,0.924,0.924,0.924,0.924,1.035,1.035,1.123,1.123,1.123,1.035,1.035,1.123,1.123,1.123,1.035,1.035,1.123,1.123,1.035,1.035,0.924
2022-11-17,51.33333333333333,56.0,56.0,56.0,56.0,56.0,56.0,46.66666666666666,40.24999999999999,49.0,39.08333333333333,36.16666666666666,35.0,40.83333333333333,51.91666666666666,55.99999999999999,55.99999999999999,62.41666666666665,66.5,71.74999999999999,54.24999999999998,49.583333333333314,48.99999999999999,43.74999999999999,30.0,12.0,12.0,12.0,12.0,12.0,12.0,12.0,8.0,11.0,11.0,9.0,9.0,9.0,11.0,12.0,12.0,12.0,13.0,15.0,13.0,12.0,11.0,11.0,8.249999999999998,8.999999999999998,8.999999999999998,8.999999999999998,8.999999999999998,8.999999999999998,8.999999999999998,7.416666666666664,6.749999999999998,7.999999999999998,6.58333333333333,6.166666666666664,5.999999999999998,6.833333333333331,8.416666666666664,8.999999999999998,8.999999999999998,9.916666666666666,10.499999999999998,11.25,8.749999999999998,8.083333333333332,7.999999999999998,7.083333333333332,51.33333333333333,55.99999999999999,55.99999999999999,55.99999999999999,55.99999999999999,55.99999999999999,55.99999999999999,46.666666666666664,40.24999999999999,48.999999999999986,39.08333333333332,36.16666666666666,34.99999999999999,40.83333333333332,51.91666666666665,55.999999999999986,55.999999999999986,62.41666666666666,66.49999999999999,71.74999999999999,54.249999999999986,49.58333333333332,48.999999999999986,43.749999999999986,0.7460000000000001,0.8560000000000001,0.8560000000000001,0.8560000000000001,0.8560000000000001,0.8560000000000001,0.8560000000000001,0.8325,0.8325,0.657,0.657,0.657,0.8325,0.8325,0.657,0.657,0.657,0.8325,0.8325,0.657,0.657,0.6350000000000001,0.6350000000000001,0.7460000000000001,0.924,0.924,0.924,0.924,0.924,0.924,0.924,1.035,1.035,1.123,1.123,1.123,1.035,1.035,1.123,1.123,1.123,1.035,1.035,1.123,1.123,1.035,1.035,0.924
2022-11-18,48.99999999999999,48.99999999999999,54.24999999999998,55.99999999999998,55.99999999999998,55.99999999999998,55.41666666666665,51.04166666666666,55.41666666666666,68.24999999999999,81.08333333333331,83.99999999999999,78.16666666666664,74.08333333333331,59.49999999999999,48.99999999999999,46.66666666666666,43.74999999999999,57.74999999999999,70.0,70.0,71.16666666666666,62.99999999999999,62.99999999999999,11.0,11.0,11.0,12.0,12.0,12.0,12.0,12.0,11.0,13.0,15.0,16.0,16.0,17.0,16.0,11.0,11.0,10.0,10.0,14.0,14.0,14.0,13.0,13.0,7.999999999999998,7.999999999999998,8.749999999999998,8.999999999999998,8.999999999999998,8.999999999999998,8.916666666666664,7.833333333333332,8.416666666666666,10.25,12.583333333333332,13.0,12.166666666666664,11.583333333333332,9.499999999999996,7.999999999999998,7.666666666666664,7.249999999999998,9.249999999999996,10.999999999999996,10.999999999999996,11.166666666666664,9.999999999999998,9.999999999999998,48.999999999999986,48.999999999999986,54.24999999999999,55.99999999999999,55.99999999999999,55.99999999999999,55.41666666666666,51.041666666666664,55.416666666666664,68.25,81.08333333333331,83.99999999999999,78.16666666666666,74.08333333333331,59.49999999999999,48.999999999999986,46.66666666666666,43.749999999999986,57.74999999999999,69.99999999999999,69.99999999999999,71.16666666666666,62.999999999999986,62.999999999999986,0.8560000000000001,0.8560000000000001,0.8560000000000001,0.8560000000000001,0.8560000000000001,0.8560000000000001,0.8560000000000001,0.8325,0.8325,0.657,0.657,0.657,0.8325,0.8325,0.657,0.657,0.657,0.8325,0.8325,0.657,0.657,0.6350000000000001,0.6350000000000001,0.7460000000000001,0.924,0.924,0.924,0.924,0.924,0.924,0.924,1.035,1.035,1.123,1.123,1.123,1.035,1.035,1.123,1.123,1.123,1.035,1.035,1.123,1.123,1.035,1.035,0.924
2022-11-19,62.99999999999999,62.99999999999999,62.99999999999999,62.99999999999999,62.99999999999999,62.99999999999999,62.99999999999999,62.99999999999999,61.25,71.45833333333334,78.16666666666666,80.5,85.16666666666666,73.49999999999999,73.49999999999999,80.20833333333334,68.83333333333331,58.333333333333314,59.49999999999999,58.33333333333333,51.33333333333333,49.0,64.75,76.99999999999999,13.0,13.0,13.0,13.0,13.0,13.0,13.0,13.0,13.0,12.0,15.0,14.0,17.0,16.0,13.0,15.0,16.0,12.0,12.0,12.0,13.0,11.0,11.0,15.0,9.999999999999998,9.999999999999998,9.999999999999998,9.999999999999998,9.999999999999998,9.999999999999998,9.999999999999998,9.999999999999998,9.749999999999998,10.916666666666664,12.166666666666666,12.499999999999998,13.166666666666664,11.5,11.499999999999998,12.666666666666664,11.333333333333332,9.666666666666664,9.499999999999998,9.333333333333332,8.333333333333332,7.999999999999999,10.249999999999998,11.999999999999998,62.999999999999986,62.999999999999986,62.999999999999986,62.999999999999986,62.999999999999986,62.999999999999986,62.999999999999986,62.999999999999986,61.24999999999999,71.45833333333333,78.16666666666666,80.49999999999999,85.16666666666666,73.49999999999999,73.49999999999999,80.20833333333333,68.83333333333333,58.33333333333332,59.49999999999999,58.33333333333333,51.33333333333333,49.0,64.74999999999999,77.0,0.8560000000000001,0.8560000000000001,0.8560000000000001,0.8560000000000001,0.8560000000000001,0.8560000000000001,0.8560000000000001,0.8325,0.8325,0.657,0.657,0.657,0.8325,0.8325,0.657,0.657,0.657,0.8325,0.8325,0.657,0.657,0.6350000000000001,0.6350000000000001,0.7460000000000001,0.924,0.924,0.924,0.924,0.924,0.924,0.924,1.035,1.035,1.123,1.123,1.123,1.035,1.035,1.123,1.123,1.123,1.035,1.035,1.123,1.123,1.035,1.035,0.924
2022-11-20,76.99999999999999,75.24999999999999,76.99999999999999,76.99999999999999,76.99999999999999,76.99999999999999,76.99999999999999,76.41666666666666,64.16666666666666,57.75000000000001,56.00000000000001,54.25,47.83333333333333,42.583333333333314,51.91666666666666,50.16666666666666,39.66666666666666,38.5,37.91666666666666,38.5,35.0,35.0,42.0,50.74999999999999,15.0,15.0,15.0,15.0,15.0,15.0,15.0,15.0,14.0,13.0,12.0,12.0,11.0,10.0,11.0,11.0,12.0,9.0,10.0,10.0,9.0,9.0,9.0,11.0,11.999999999999998,11.749999999999998,11.999999999999998,11.999999999999998,11.999999999999998,11.999999999999998,11.999999999999998,11.916666666666664,10.166666666666666,9.249999999999996,8.999999999999996,8.749999999999998,7.833333333333333,7.083333333333332,8.416666666666664,8.166666666666664,6.666666666666664,6.499999999999998,6.416666666666665,6.499999999999998,5.999999999999999,5.999999999999999,6.999999999999998,8.249999999999996,77.0,75.24999999999999,77.0,77.0,77.0,77.0,77.0,76.41666666666666,64.16666666666666,57.74999999999999,55.99999999999999,54.24999999999999,47.83333333333333,42.58333333333332,51.91666666666666,50.16666666666666,39.666666666666664,38.5,37.916666666666664,38.5,34.99999999999999,34.99999999999999,41.99999999999999,50.749999999999986,0.8560000000000001,0.8560000000000001,0.8560000000000001,0.8560000000000001,0.8560000000000001,0.8560000000000001,0.8560000000000001,0.8325,0.8325,0.657,0.657,0.657,0.8325,0.8325,0.657,0.657,0.657,0.8325,0.8325,0.657,0.657,0.6350000000000001,0.6350000000000001,0.7460000000000001,0.924,0.924,0.924,0.924,0.924,0.924,0.924,1.035,1.035,1.123,1.123,1.123,1.035,1.035,1.123,1.123,1.123,1.035,1.035,1.123,1.123,1.035,1.035,0.924
2022-11-21,54.25,56.0,56.0,56.0,56.0,56.0,56.0,53.66666666666666,54.24999999999999,51.91666666666666,42.0,42.0,44.91666666666666,49.0,43.75,45.5,62.99999999999999,69.41666666666666,76.99999999999997,64.16666666666666,62.41666666666666,56.0,56.0,55.41666666666666,11.0,12.0,12.0,12.0,12.0,12.0,12.0,12.0,12.0,12.0,10.0,10.0,10.0,11.0,11.0,10.0,13.0,13.0,15.0,14.0,13.0,12.0,12.0,12.0,8.749999999999998,8.999999999999998,8.999999999999998,8.999999999999998,8.999999999999998,8.999999999999998,8.999999999999998,8.583333333333332,8.75,8.416666666666664,6.999999999999998,6.999999999999998,7.416666666666665,7.999999999999998,7.249999999999998,7.416666666666665,10.0,10.916666666666666,11.999999999999996,10.166666666666664,9.916666666666664,8.999999999999998,8.999999999999998,8.916666666666664,54.24999999999999,55.99999999999999,55.99999999999999,55.99999999999999,55.99999999999999,55.99999999999999,55.99999999999999,53.666666666666664,54.24999999999999,51.91666666666666,41.999999999999986,41.999999999999986,44.91666666666666,48.999999999999986,43.749999999999986,45.49999999999999,62.999999999999986,69.41666666666666,76.99999999999999,64.16666666666667,62.416666666666664,55.99999999999999,55.99999999999999,55.41666666666666,0.8560000000000001,0.8560000000000001,0.8560000000000001,0.8560000000000001,0.8560000000000001,0.8560000000000001,0.8560000000000001,0.8325,0.8325,0.657,0.657,0.657,0.8325,0.8325,0.657,0.657,0.657,0.8325,0.8325,0.657,0.657,0.6350000000000001,0.6350000000000001,0.7460000000000001,0.924,0.924,0.924,0.924,0.924,0.924,0.924,1.035,1.035,1.123,1.123,1.123,1.035,1.035,1.123,1.123,1.123,1.035,1.035,1.123,1.123,1.035,1.035,0.924
2022-11-22,50.16666666666666,56.0,56.0,56.0,56.0,56.0,56.0,54.25,63.58333333333332,57.16666666666666,49.0,49.0,46.66666666666666,42.0,46.08333333333333,49.0,49.0,49.58333333333333,46.08333333333332,52.5,58.333333333333336,70.0,64.16666666666667,57.75,11.0,12.0,12.0,12.0,12.0,12.0,12.0,12.0,12.0,12.0,11.0,11.0,11.0,10.0,10.0,11.0,11.0,11.0,12.0,11.0,12.0,14.0,14.0,13.0,8.166666666666664,8.999999999999998,8.999999999999998,8.999999999999998,8.999999999999998,8.999999999999998,8.999999999999998,8.499999999999998,10.083333333333332,9.166666666666664,7.999999999999999,7.999999999999999,7.666666666666666,6.999999999999998,7.583333333333332,7.999999999999999,7.999999999999999,7.999999999999999,7.583333333333331,8.499999999999996,9.333333333333332,10.999999999999996,10.166666666666664,9.166666666666664,50.16666666666666,55.99999999999999,55.99999999999999,55.99999999999999,55.99999999999999,55.99999999999999,55.99999999999999,54.25,63.58333333333333,57.16666666666666,49.0,49.0,46.66666666666666,41.999999999999986,46.08333333333333,49.0,49.0,49.58333333333333,46.08333333333333,52.499999999999986,58.33333333333333,69.99999999999999,64.16666666666666,57.75,0.8560000000000001,0.8560000000000001,0.8560000000000001,0.8560000000000001,0.8560000000000001,0.8560000000000001,0.8560000000000001,0.8325,0.8325,0.657,0.657,0.657,0.8325,0.8325,0.657,0.657,0.657,0.8325,0.8325,0.657,0.657,0.6350000000000001,0.6350000000000001,0.7460000000000001,0.924,0.924,0.924,0.924,0.924,0.924,0.924,1.035,1.035,1.123,1.123,1.123,1.035,1.035,1.123,1.123,1.123,1.035,1.035,1.123,1.123,1.035,1.035,0.924
2022-11-23,63.0,63.0,63.0,63.0,63.0,63.0,61.83333333333334,55.41666666666666,46.08333333333332,46.66666666666666,49.0,50.16666666666666,41.99999999999999,43.16666666666666,43.16666666666666,38.49999999999999,42.0,51.91666666666666,63.0,73.5,63.583333333333336,63.583333333333336,70.0,70.0,13.0,13.0,13.0,13.0,13.0,13.0,13.0,12.0,11.0,11.0,11.0,12.0,10.0,10.0,10.0,10.0,10.0,10.0,12.0,15.0,14.0,13.0,14.0,14.0,9.999999999999996,9.999999999999996,9.999999999999996,9.999999999999996,9.999999999999996,9.999999999999996,9.666666666666664,8.333333333333332,7.583333333333332,7.666666666666665,8.0,8.166666666666664,6.999999999999998,7.166666666666664,7.166666666666665,6.416666666666664,6.999999999999998,8.416666666666666,9.999999999999998,11.499999999999996,10.08333333333333,10.08333333333333,10.999999999999996,10.999999999999996,63.0,63.0,63.0,63.0,63.0,63.0,61.83333333333333,55.41666666666666,46.08333333333333,46.66666666666666,48.99999999999999,50.16666666666666,41.999999999999986,43.16666666666666,43.16666666666666,38.49999999999999,41.999999999999986,51.91666666666666,62.99999999999999,73.49999999999999,63.58333333333333,63.58333333333333,69.99999999999999,69.99999999999999,0.8560000000000001,0.8560000000000001,0.8560000000000001,0.8560000000000001,0.8560000000000001,0.8560000000000001,0.8560000000000001,0.8325,0.8325,0.657,0.657,0.657,0.8325,0.8325,0.657,0.657,0.657,0.8325,0.8325,0.657,0.657,0.6350000000000001,0.6350000000000001,0.7460000000000001,0.924,0.924,0.924,0.924,0.924,0.924,0.924,1.035,1.035,1.123,1.123,1.123,1.035,1.035,1.123,1.123,1.123,1.035,1.035,1.123,1.123,1.035,1.035,0.924
2022-11-24,67.08333333333334,63.0,63.0,63.0,63.0,63.0,62.41666666666667,47.83333333333334,52.49999999999999,55.41666666666664,58.333333333333314,62.99999999999999,62.99999999999999,62.99999999999999,69.99999999999999,74.0833333333333,76.99999999999997,72.62499999999999,86.91666666666666,95.66666666666669,95.66666666666669,91.29166666666666,91.0,85.75,14.0,13.0,13.0,13.0,13.0,13.0,13.0,12.0,10.0,13.0,12.0,13.0,13.0,13.0,13.0,15.0,15.0,15.0,15.0,17.0,17.0,17.0,17.0,17.0,10.583333333333329,9.999999999999996,9.999999999999996,9.999999999999996,9.999999999999996,9.999999999999996,9.916666666666664,7.166666666666665,8.499999999999998,8.833333333333332,9.333333333333332,10.0,10.0,10.0,11.0,11.416666666666664,12.0,11.333333333333332,13.416666666666664,14.666666666666664,14.499999999999998,13.999999999999996,13.999999999999996,13.249999999999996,67.08333333333333,63.0,63.0,63.0,63.0,63.0,62.416666666666664,47.83333333333333,52.49999999999999,55.41666666666665,58.333333333333314,62.999999999999986,62.999999999999986,62.999999999999986,69.99999999999999,74.08333333333331,76.99999999999999,72.62499999999999,86.91666666666666,95.66666666666666,95.66666666666666,91.29166666666666,91.0,85.74999999999999,0.8560000000000001,0.8560000000000001,0.8560000000000001,0.8560000000000001,0.8560000000000001,0.8560000000000001,0.8560000000000001,0.8325,0.8325,0.657,0.657,0.657,0.8325,0.8325,0.657,0.657,0.657,0.8325,0.8325,0.657,0.657,0.6350000000000001,0.6350000000000001,0.7460000000000001,0.924,0.924,0.924,0.924,0.924,0.924,0.924,1.035,1.035,1.123,1.123,1.123,1.035,1.035,1.123,1.123,1.123,1.035,1.035,1.123,1.123,1.035,1.035,0.924
2022-11-25,84.0,78.16666666666667,77.0,77.0,77.0,77.0,77.0,80.5,84.58333333333331,91.0,75.83333333333331,69.99999999999999,76.41666666666666,69.41666666666666,56.0,56.0,60.08333333333332,57.75,60.66666666666666,57.74999999999998,55.99999999999998,49.583333333333314,41.99999999999999,41.99999999999999,16.0,16.0,15.0,15.0,15.0,15.0,15.0,15.0,17.0,17.0,17.0,14.0,14.0,15.0,12.0,12.0,12.0,13.0,12.0,13.0,12.0,12.0,10.0,10.0,12.999999999999996,12.166666666666664,11.999999999999996,11.999999999999996,11.999999999999996,11.999999999999996,11.999999999999996,12.166666666666664,13.083333333333332,14.0,11.833333333333332,11.0,11.916666666666664,10.916666666666664,9.0,9.0,9.583333333333332,9.25,9.666666666666664,9.249999999999998,8.999999999999998,8.083333333333332,6.999999999999999,6.999999999999999,83.99999999999999,78.16666666666666,77.0,77.0,77.0,77.0,77.0,80.5,84.58333333333333,91.0,75.83333333333331,69.99999999999999,76.41666666666666,69.41666666666666,55.99999999999999,55.99999999999999,60.08333333333332,57.74999999999999,60.66666666666666,57.74999999999999,55.99999999999999,49.58333333333332,41.999999999999986,41.999999999999986,0.8560000000000001,0.8560000000000001,0.8560000000000001,0.8560000000000001,0.8560000000000001,0.8560000000000001,0.8560000000000001,0.8325,0.8325,0.657,0.657,0.657,0.8325,0.8325,0.657,0.657,0.657,0.8325,0.8325,0.657,0.657,0.6350000000000001,0.6350000000000001,0.7460000000000001,0.924,0.924,0.924,0.924,0.924,0.924,0.924,1.035,1.035,1.123,1.123,1.123,1.035,1.035,1.123,1.123,1.123,1.035,1.035,1.123,1.123,1.035,1.035,0.924
2022-11-26,42.583333333333314,48.99999999999999,48.708333333333314,45.49999999999999,45.49999999999999,45.49999999999999,45.49999999999999,45.49999999999999,40.83333333333332,45.20833333333333,45.49999999999999,40.833333333333314,43.16666666666666,52.5,49.0,52.50000000000001,47.833333333333314,45.49999999999999,48.41666666666666,57.75000000000001,52.50000000000001,52.50000000000001,51.62500000000001,58.333333333333336,10.0,11.0,11.0,10.0,10.0,10.0,10.0,10.0,10.0,9.0,14.0,9.0,10.0,11.0,11.0,10.0,12.0,10.0,10.0,12.0,11.0,11.0,11.0,11.0,7.083333333333332,7.999999999999998,7.916666666666665,6.999999999999999,6.999999999999999,6.999999999999999,6.999999999999999,6.999999999999999,6.333333333333332,7.166666666666666,6.999999999999998,6.333333333333332,6.666666666666666,7.999999999999999,7.499999999999999,7.999999999999997,7.333333333333333,6.999999999999999,7.416666666666664,8.749999999999996,7.999999999999997,7.999999999999997,7.749999999999998,8.83333333333333,42.58333333333332,48.999999999999986,48.70833333333332,45.49999999999999,45.49999999999999,45.49999999999999,45.49999999999999,45.49999999999999,40.83333333333333,45.20833333333333,45.49999999999999,40.83333333333333,43.16666666666666,52.5,49.0,52.5,47.83333333333333,45.49999999999999,48.416666666666664,57.75,52.5,52.5,51.625,58.33333333333333,0.8560000000000001,0.8560000000000001,0.8560000000000001,0.8560000000000001,0.8560000000000001,0.8560000000000001,0.8560000000000001,0.8325,0.8325,0.657,0.657,0.657,0.8325,0.8325,0.657,0.657,0.657,0.8325,0.8325,0.657,0.657,0.6350000000000001,0.6350000000000001,0.7460000000000001,0.924,0.924,0.924,0.924,0.924,0.924,0.924,1.035,1.035,1.123,1.123,1.123,1.035,1.035,1.123,1.123,1.123,1.035,1.035,1.123,1.123,1.035,1.035,0.924
2022-11-27,59.5,59.5,59.5,63.583333333333314,66.49999999999999,66.49999999999999,66.49999999999999,63.29166666666666,49.0,51.33333333333333,60.37499999999999,63.58333333333333,59.5,65.33333333333334,61.83333333333334,60.08333333333333,60.95833333333334,64.45833333333333,71.74999999999999,73.49999999999999,73.49999999999999,66.49999999999999,70.58333333333333,73.49999999999999,12.0,12.0,12.0,12.0,13.0,13.0,13.0,13.0,10.0,10.0,11.0,13.0,12.0,12.0,12.0,13.0,12.0,13.0,14.0,14.0,14.0,13.0,13.0,14.0,8.999999999999996,8.999999999999996,8.999999999999996,9.583333333333332,9.999999999999998,9.999999999999998,9.999999999999998,9.25,6.999999999999999,7.333333333333333,8.916666666666666,9.583333333333332,8.999999999999998,9.83333333333333,9.33333333333333,9.083333333333332,9.08333333333333,9.33333333333333,10.749999999999998,10.999999999999998,10.999999999999998,9.999999999999998,10.58333333333333,10.999999999999998,59.5,59.5,59.5,63.58333333333333,66.5,66.5,66.5,63.29166666666666,49.0,51.33333333333333,60.37499999999999,63.58333333333333,59.5,65.33333333333333,61.83333333333333,60.08333333333333,60.95833333333333,64.45833333333333,71.74999999999999,73.49999999999999,73.49999999999999,66.5,70.58333333333333,73.49999999999999,0.7460000000000001,0.8560000000000001,0.8560000000000001,0.8560000000000001,0.8560000000000001,0.8560000000000001,0.8560000000000001,0.8325,0.8325,0.657,0.657,0.657,0.8325,0.8325,0.657,0.657,0.657,0.8325,0.8325,0.657,0.657,0.6350000000000001,0.6350000000000001,0.7460000000000001,0.924,0.924,0.924,0.924,0.924,0.924,0.924,1.035,1.035,1.123,1.123,1.123,1.035,1.035,1.123,1.123,1.123,1.035,1.035,1.123,1.123,1.035,1.035,0.924
2022-11-28,79.33333333333331,80.49999999999997,80.49999999999997,80.49999999999997,80.49999999999997,80.49999999999997,80.49999999999997,84.29166666666663,83.41666666666666,82.25,80.5,63.00000000000001,67.66666666666667,53.66666666666667,42.0,42.0,42.0,48.12499999999999,58.33333333333333,55.99999999999999,53.083333333333314,51.33333333333333,56.0,51.33333333333333,14.0,15.0,15.0,15.0,15.0,15.0,15.0,15.0,17.0,15.0,16.0,13.0,13.0,12.0,10.0,10.0,10.0,10.0,12.0,12.0,12.0,11.0,12.0,12.0,11.833333333333332,11.999999999999998,11.999999999999998,11.999999999999998,11.999999999999998,11.999999999999998,11.999999999999998,12.666666666666664,12.916666666666664,12.749999999999996,12.499999999999996,9.999999999999996,10.666666666666664,8.666666666666664,6.999999999999998,6.999999999999998,6.999999999999998,7.749999999999999,9.333333333333332,8.999999999999998,8.583333333333332,8.33333333333333,8.999999999999998,8.249999999999998,79.33333333333331,80.49999999999999,80.49999999999999,80.49999999999999,80.49999999999999,80.49999999999999,80.49999999999999,84.29166666666666,83.41666666666666,82.24999999999999,80.49999999999999,62.999999999999986,67.66666666666666,53.66666666666666,41.999999999999986,41.999999999999986,41.999999999999986,48.124999999999986,58.33333333333333,55.99999999999999,53.08333333333332,51.33333333333332,55.99999999999999,51.33333333333333,0.8560000000000001,0.8560000000000001,0.8560000000000001,0.8560000000000001,0.8560000000000001,0.8560000000000001,0.8560000000000001,0.8325,0.8325,0.657,0.657,0.657,0.8325,0.8325,0.657,0.657,0.657,0.8325,0.8325,0.657,0.657,0.6350000000000001,0.6350000000000001,0.7460000000000001,0.924,0.924,0.924,0.924,0.924,0.924,0.924,1.035,1.035,1.123,1.123,1.123,1.035,1.035,1.123,1.123,1.123,1.035,1.035,1.123,1.123,1.035,1.035,0.924
2022-11-29,56.0,56.0,56.0,56.0,56.0,56.0,56.0,49.58333333333333,51.91666666666665,62.99999999999999,62.99999999999999,64.74999999999999,69.99999999999999,69.99999999999999,68.24999999999999,62.99999999999999,62.99999999999999,61.25,65.91666666666666,68.24999999999999,60.66666666666665,45.49999999999999,35.0,35.0,12.0,12.0,12.0,12.0,12.0,12.0,12.0,12.0,10.0,13.0,13.0,13.0,14.0,14.0,14.0,13.0,13.0,13.0,13.0,13.0,13.0,12.0,9.0,9.0,8.999999999999998,8.999999999999998,8.999999999999998,8.999999999999998,8.999999999999998,8.999999999999998,8.999999999999998,7.833333333333332,8.416666666666664,10.0,10.0,10.25,11.0,11.0,10.75,10.0,10.0,9.75,10.416666666666664,10.75,9.666666666666664,7.499999999999998,5.999999999999998,5.999999999999998,55.99999999999999,55.99999999999999,55.99999999999999,55.99999999999999,55.99999999999999,55.99999999999999,55.99999999999999,49.58333333333333,51.91666666666666,62.999999999999986,62.999999999999986,64.74999999999999,69.99999999999999,69.99999999999999,68.24999999999999,62.999999999999986,62.999999999999986,61.24999999999999,65.91666666666666,68.24999999999999,60.66666666666666,45.499999999999986,34.99999999999999,34.99999999999999,0.8560000000000001,0.8560000000000001,0.8560000000000001,0.8560000000000001,0.8560000000000001,0.8560000000000001,0.8560000000000001,0.8325,0.8325,0.657,0.657,0.657,0.8325,0.8325,0.657,0.657,0.657,0.8325,0.8325,0.657,0.657,0.6350000000000001,0.6350000000000001,0.7460000000000001,0.924,0.924,0.924,0.924,0.924,0.924,0.924,1.035,1.035,1.123,1.123,1.123,1.035,1.035,1.123,1.123,1.123,1.035,1.035,1.123,1.123,1.035,1.035,0.924
2022-11-30,35.0,35.0,35.0,35.0,35.0,35.0,35.0,32.08333333333333,34.999999999999986,49.0,49.0,49.0,49.0,47.24999999999999,44.33333333333332,39.66666666666666,43.75,43.45833333333333,35.0,37.91666666666666,48.99999999999999,56.0,57.16666666666667,63.0,9.0,9.0,9.0,9.0,9.0,9.0,9.0,9.0,8.0,11.0,11.0,11.0,11.0,10.0,11.0,11.0,10.0,11.0,10.0,8.0,10.0,12.0,12.0,13.0,5.999999999999998,5.999999999999998,5.999999999999998,5.999999999999998,5.999999999999998,5.999999999999998,5.999999999999998,5.333333333333332,5.999999999999997,7.999999999999998,7.999999999999998,7.999999999999998,7.999999999999998,7.749999999999998,7.333333333333331,7.166666666666665,7.749999999999999,7.416666666666665,5.999999999999998,6.416666666666665,7.999999999999997,8.999999999999998,9.166666666666664,9.999999999999996,34.99999999999999,34.99999999999999,34.99999999999999,34.99999999999999,34.99999999999999,34.99999999999999,34.99999999999999,32.08333333333333,34.99999999999999,48.999999999999986,48.999999999999986,48.999999999999986,48.999999999999986,47.249999999999986,44.33333333333332,39.666666666666664,43.74999999999999,43.45833333333332,34.99999999999999,37.916666666666664,48.999999999999986,55.99999999999999,57.16666666666666,63.0,0.8560000000000001,0.8560000000000001,0.8560000000000001,0.8560000000000001,0.8560000000000001,0.8560000000000001,0.8560000000000001,0.8325,0.8325,0.657,0.657,0.657,0.8325,0.8325,0.657,0.657,0.657,0.8325,0.8325,0.657,0.657,0.6350000000000001,0.6350000000000001,0.7460000000000001,0.924,0.924,0.924,0.924,0.924,0.924,0.924,1.035,1.035,1.123,1.123,1.123,1.035,1.035,1.123,1.123,1.123,1.035,1.035,1.123,1.123,1.035,1.035,0.924
2022-12-01,58.91666666666666,53.95833333333333,57.75,59.5,59.5,59.5,59.5,57.74999999999999,59.5,53.66666666666666,51.91666666666666,50.16666666666666,52.5,51.33333333333333,52.5,54.24999999999999,45.5,45.5,39.08333333333333,31.5,34.999999999999986,41.99999999999999,36.75,40.24999999999999,13.0,12.0,11.0,12.0,12.0,12.0,12.0,12.0,11.0,12.0,11.0,10.0,11.0,11.0,11.0,11.0,10.0,10.0,10.0,8.0,8.0,10.0,10.0,9.0,9.416666666666664,8.416666666666666,8.749999999999996,8.999999999999996,8.999999999999996,8.999999999999996,8.999999999999996,8.749999999999998,8.999999999999998,8.166666666666666,7.916666666666666,7.666666666666666,7.999999999999999,7.833333333333332,7.999999999999999,8.25,6.999999999999998,6.999999999999998,6.083333333333332,4.999999999999999,5.666666666666666,6.999999999999999,6.249999999999999,6.749999999999999,58.916666666666664,53.95833333333333,57.75,59.5,59.5,59.5,59.5,57.75,59.499999999999986,53.66666666666666,51.91666666666666,50.16666666666666,52.499999999999986,51.33333333333332,52.499999999999986,54.24999999999999,45.49999999999999,45.49999999999999,39.08333333333333,31.5,35.0,41.999999999999986,36.74999999999999,40.24999999999999,0.7460000000000001,0.8560000000000001,0.8560000000000001,0.8560000000000001,0.8560000000000001,0.8560000000000001,0.8560000000000001,0.8325,0.8325,0.657,0.657,0.657,0.8325,0.8325,0.657,0.657,0.657,0.8325,0.8325,0.657,0.657,0.6350000000000001,0.6350000000000001,0.7460000000000001,0.924,0.924,0.924,0.924,0.924,0.924,0.924,1.035,1.035,1.123,1.123,1.123,1.035,1.035,1.123,1.123,1.123,1.035,1.035,1.123,1.123,1.035,1.035,0.924
2022-12-02,41.99999999999999,41.99999999999999,41.99999999999999,41.99999999999999,41.99999999999999,41.99999999999999,41.99999999999999,36.45833333333332,54.54166666666666,83.41666666666667,74.66666666666667,64.16666666666666,54.25,46.08333333333333,52.49999999999999,50.16666666666665,46.66666666666665,61.25,64.75,65.62499999999997,69.99999999999999,67.08333333333331,69.41666666666666,57.74999999999999,10.0,10.0,10.0,10.0,10.0,10.0,10.0,10.0,8.0,16.0,15.0,14.0,12.0,10.0,11.0,11.0,10.0,11.0,14.0,12.0,14.0,14.0,14.0,13.0,6.999999999999999,6.999999999999999,6.999999999999999,6.999999999999999,6.999999999999999,6.999999999999999,6.999999999999999,5.749999999999999,8.5,12.916666666666664,11.33333333333333,9.666666666666664,8.249999999999996,7.083333333333332,7.999999999999998,7.666666666666665,7.166666666666665,9.249999999999996,9.75,10.166666666666666,11.0,10.583333333333332,10.916666666666664,9.166666666666664,41.999999999999986,41.999999999999986,41.999999999999986,41.999999999999986,41.999999999999986,41.999999999999986,41.999999999999986,36.45833333333333,54.541666666666664,83.41666666666666,74.66666666666666,64.16666666666666,54.24999999999999,46.08333333333333,52.499999999999986,50.16666666666666,46.66666666666666,61.24999999999999,64.74999999999999,65.62499999999999,69.99999999999999,67.08333333333331,69.41666666666666,57.75,0.8560000000000001,0.8560000000000001,0.8560000000000001,0.8560000000000001,0.8560000000000001,0.8560000000000001,0.8560000000000001,0.8325,0.8325,0.657,0.657,0.657,0.8325,0.8325,0.657,0.657,0.657,0.8325,0.8325,0.657,0.657,0.6350000000000001,0.6350000000000001,0.7460000000000001,0.924,0.924,0.924,0.924,0.924,0.924,0.924,1.035,1.035,1.123,1.123,1.123,1.035,1.035,1.123,1.123,1.123,1.035,1.035,1.123,1.123,1.035,1.035,0.924
2022-12-03,62.99999999999999,62.99999999999999,62.99999999999999,62.99999999999999,62.99999999999999,62.41666666666665,49.583333333333314,48.99999999999999,48.99999999999999,47.83333333333333,48.99999999999999,45.49999999999999,51.33333333333333,48.99999999999999,35.58333333333333,40.83333333333333,45.5,48.99999999999999,45.49999999999999,54.24999999999998,52.49999999999999,58.33333333333334,63.0,63.0,13.0,13.0,13.0,13.0,13.0,13.0,12.0,11.0,11.0,11.0,11.0,10.0,10.0,11.0,10.0,9.0,10.0,10.0,11.0,11.0,12.0,12.0,13.0,13.0,9.999999999999998,9.999999999999998,9.999999999999998,9.999999999999998,9.999999999999998,9.916666666666664,8.083333333333332,7.999999999999998,7.999999999999998,7.833333333333332,8.0,6.999999999999999,7.833333333333332,7.5,5.583333333333333,6.333333333333332,6.999999999999998,7.583333333333332,7.499999999999998,8.749999999999998,8.499999999999996,9.33333333333333,9.999999999999996,9.999999999999996,63.0,63.0,63.0,63.0,63.0,62.416666666666664,49.58333333333332,48.999999999999986,48.999999999999986,47.83333333333333,48.99999999999999,45.49999999999999,51.33333333333333,49.0,35.58333333333333,40.83333333333333,45.49999999999999,48.99999999999999,45.5,54.24999999999999,52.499999999999986,58.33333333333333,63.0,63.0,0.8560000000000001,0.8560000000000001,0.8560000000000001,0.8560000000000001,0.8560000000000001,0.8560000000000001,0.8560000000000001,0.8325,0.8325,0.657,0.657,0.657,0.8325,0.8325,0.657,0.657,0.657,0.8325,0.8325,0.657,0.657,0.6350000000000001,0.6350000000000001,0.7460000000000001,0.924,0.924,0.924,0.924,0.924,0.924,0.924,1.035,1.035,1.123,1.123,1.123,1.035,1.035,1.123,1.123,1.123,1.035,1.035,1.123,1.123,1.035,1.035,0.924
2022-12-04,63.0,66.49999999999999,69.99999999999999,69.99999999999999,69.99999999999999,69.99999999999999,69.99999999999999,69.99999999999999,67.66666666666667,64.16666666666667,72.33333333333334,77.0,65.625,60.08333333333333,60.66666666666666,51.33333333333332,45.49999999999999,47.24999999999999,55.99999999999999,48.99999999999998,49.58333333333333,56.58333333333334,59.5,59.5,13.0,13.0,14.0,14.0,14.0,14.0,14.0,14.0,14.0,13.0,14.0,15.0,14.0,12.0,13.0,12.0,10.0,10.0,11.0,10.0,11.0,11.0,12.0,12.0,9.999999999999996,10.5,10.999999999999998,10.999999999999998,10.999999999999998,10.999999999999998,10.999999999999998,10.999999999999998,10.666666666666664,10.166666666666664,11.33333333333333,11.999999999999996,9.999999999999996,9.083333333333332,9.166666666666664,7.833333333333332,6.999999999999999,7.249999999999998,8.499999999999998,7.499999999999998,7.583333333333331,8.58333333333333,8.999999999999996,8.999999999999996,63.0,66.5,69.99999999999999,69.99999999999999,69.99999999999999,69.99999999999999,69.99999999999999,69.99999999999999,67.66666666666666,64.16666666666666,72.33333333333331,77.0,65.62499999999999,60.08333333333333,60.666666666666664,51.33333333333333,45.49999999999999,47.24999999999999,55.99999999999999,48.99999999999999,49.58333333333333,56.58333333333333,59.5,59.5,0.8560000000000001,0.8560000000000001,0.8560000000000001,0.8560000000000001,0.8560000000000001,0.8560000000000001,0.8560000000000001,0.8325,0.8325,0.657,0.657,0.657,0.8325,0.8325,0.657,0.657,0.657,0.8325,0.8325,0.657,0.657,0.6350000000000001,0.6350000000000001,0.6350000000000001,0.924,0.924,0.924,0.924,0.924,0.924,0.924,1.035,1.035,1.123,1.123,1.123,1.035,1.035,1.123,1.123,1.123,1.035,1.035,1.123,1.123,1.035,1.035,1.035
2022-12-05,59.5,59.5,59.5,59.5,59.5,59.5,59.5,58.91666666666666,64.16666666666666,73.79166666666666,73.49999999999997,74.08333333333331,73.49999999999999,80.5,77.58333333333331,64.75,66.49999999999999,70.29166666666666,82.83333333333334,93.91666666666666,91.0,79.33333333333333,68.25,66.5,12.0,12.0,12.0,12.0,12.0,12.0,12.0,12.0,12.0,13.0,15.0,15.0,15.0,16.0,16.0,14.0,14.0,14.0,16.0,17.0,19.0,17.0,15.0,14.0,8.999999999999996,8.999999999999996,8.999999999999996,8.999999999999996,8.999999999999996,8.999999999999996,8.999999999999996,8.999999999999998,10.166666666666666,11.833333333333334,12.0,12.083333333333334,12.0,13.0,12.583333333333332,10.75,11.0,11.416666666666666,13.333333333333332,14.916666666666664,14.5,12.833333333333332,11.249999999999998,10.999999999999998,59.5,59.5,59.5,59.5,59.5,59.5,59.5,58.916666666666664,64.16666666666666,73.79166666666666,73.49999999999999,74.08333333333333,73.49999999999999,80.5,77.58333333333333,64.74999999999999,66.5,70.29166666666666,82.83333333333333,93.91666666666666,91.0,79.33333333333333,68.24999999999999,66.5,0.8560000000000001,0.8560000000000001,0.8560000000000001,0.8560000000000001,0.8560000000000001,0.8560000000000001,0.8560000000000001,0.8325,0.8325,0.657,0.657,0.657,0.8325,0.8325,0.657,0.657,0.657,0.8325,0.8325,0.657,0.657,0.6350000000000001,0.6350000000000001,0.7460000000000001,0.924,0.924,0.924,0.924,0.924,0.924,0.924,1.035,1.035,1.123,1.123,1.123,1.035,1.035,1.123,1.123,1.123,1.035,1.035,1.123,1.123,1.035,1.035,0.924
2022-12-06,55.41666666666667,59.50000000000001,59.50000000000001,59.50000000000001,59.50000000000001,59.50000000000001,59.50000000000001,61.833333333333336,65.33333333333334,89.25,89.25,79.91666666666667,74.375,73.5,76.41666666666667,70.58333333333334,60.66666666666666,68.25,65.91666666666666,63.58333333333333,54.25,61.25000000000001,64.74999999999999,66.49999999999999,11.0,13.0,13.0,13.0,13.0,13.0,13.0,13.0,15.0,16.0,17.0,16.0,15.0,14.0,14.0,15.0,13.0,13.0,14.0,13.0,11.0,13.0,12.0,13.0,9.33333333333333,9.999999999999998,9.999999999999998,9.999999999999998,9.999999999999998,9.999999999999998,9.999999999999998,10.249999999999998,9.999999999999998,13.75,13.749999999999998,12.416666666666664,11.249999999999996,10.999999999999996,11.416666666666664,10.58333333333333,9.166666666666664,10.249999999999998,9.916666666666664,9.583333333333332,8.249999999999998,9.249999999999998,9.75,9.999999999999998,55.416666666666664,59.5,59.5,59.5,59.5,59.5,59.5,61.83333333333333,65.33333333333333,89.24999999999999,89.24999999999999,79.91666666666666,74.375,73.5,76.41666666666667,70.58333333333333,60.666666666666664,68.25,65.91666666666666,63.58333333333333,54.25,61.24999999999999,64.75,66.5,0.8560000000000001,0.8560000000000001,0.8560000000000001,0.8560000000000001,0.8560000000000001,0.8560000000000001,0.8560000000000001,0.8325,0.8325,0.8325,0.657,0.657,0.8325,0.8325,0.657,0.657,0.657,0.8325,0.8325,0.657,0.657,0.6350000000000001,0.6350000000000001,0.7460000000000001,0.924,0.924,0.924,0.924,0.924,0.924,0.924,1.035,1.035,1.035,1.123,1.123,1.035,1.035,1.123,1.123,1.123,1.035,1.035,1.123,1.123,1.035,1.035,0.924
2022-12-07,66.49999999999999,66.49999999999999,66.49999999999999,66.49999999999999,66.49999999999999,66.49999999999999,66.49999999999999,64.75,82.24999999999999,83.99999999999999,78.16666666666666,73.5,73.5,79.91666666666666,85.75,84.58333333333331,78.74999999999999,76.125,72.91666666666669,64.16666666666666,62.99999999999999,58.91666666666667,63.0,63.0,13.0,13.0,13.0,13.0,13.0,13.0,13.0,13.0,13.0,16.0,15.0,14.0,14.0,14.0,15.0,16.0,14.0,14.0,15.0,14.0,13.0,13.0,13.0,13.0,9.999999999999998,9.999999999999998,9.999999999999998,9.999999999999998,9.999999999999998,9.999999999999998,9.999999999999998,9.749999999999996,12.249999999999996,12.5,11.666666666666664,11.0,11.0,11.916666666666664,12.75,12.583333333333334,11.75,11.75,11.416666666666664,10.166666666666664,9.999999999999998,9.416666666666664,9.999999999999996,9.999999999999996,66.5,66.5,66.5,66.5,66.5,66.5,66.5,64.75,82.25,83.99999999999999,78.16666666666666,73.5,73.5,79.91666666666666,85.74999999999999,84.58333333333333,78.74999999999999,76.125,72.91666666666666,64.16666666666666,63.0,58.916666666666664,63.0,63.0,0.8560000000000001,0.8560000000000001,0.8560000000000001,0.8560000000000001,0.8560000000000001,0.8560000000000001,0.8560000000000001,0.8325,0.8325,0.657,0.657,0.657,0.8325,0.8325,0.8325,0.657,0.657,0.8325,0.8325,0.657,0.657,0.6350000000000001,0.6350000000000001,0.7460000000000001,0.924,0.924,0.924,0.924,0.924,0.924,0.924,1.035,1.035,1.123,1.123,1.123,1.035,1.035,1.035,1.123,1.123,1.035,1.035,1.123,1.123,1.035,1.035,0.924
2022-12-08,63.0,63.0,63.0,63.0,63.0,63.0,63.0,55.12499999999999,55.41666666666665,76.41666666666664,74.66666666666663,66.49999999999999,75.25,69.41666666666667,72.33333333333331,73.49999999999999,58.91666666666666,50.16666666666666,52.20833333333333,59.5,59.5,59.5,54.25,49.0,13.0,13.0,13.0,13.0,13.0,13.0,13.0,13.0,10.0,14.0,15.0,13.0,14.0,15.0,16.0,16.0,14.0,12.0,11.0,13.0,13.0,13.0,13.0,11.0,9.999999999999996,9.999999999999996,9.999999999999996,9.999999999999996,9.999999999999996,9.999999999999996,9.999999999999996,8.666666666666664,8.916666666666664,11.916666666666664,11.333333333333332,10.0,11.5,10.833333333333332,11.416666666666668,12.0,9.916666666666666,8.5,8.666666666666664,10.0,10.0,10.0,9.083333333333332,7.999999999999999,63.0,63.0,63.0,63.0,63.0,63.0,63.0,55.125,55.41666666666666,76.41666666666664,74.66666666666664,66.5,75.25,69.41666666666666,72.33333333333333,73.5,58.91666666666666,50.16666666666666,52.20833333333332,59.5,59.5,59.5,54.25,49.0,0.8560000000000001,0.8560000000000001,0.8560000000000001,0.8560000000000001,0.8560000000000001,0.8560000000000001,0.8560000000000001,0.8325,0.8325,0.657,0.657,0.657,0.8325,0.8325,0.657,0.657,0.657,0.8325,0.8325,0.657,0.657,0.6350000000000001,0.6350000000000001,0.6350000000000001,0.924,0.924,0.924,0.924,0.924,0.924,0.924,1.035,1.035,1.123,1.123,1.123,1.035,1.035,1.123,1.123,1.123,1.035,1.035,1.123,1.123,1.035,1.035,1.035
2022-12-09,49.0,49.0,49.0,49.0,49.0,49.0,49.0,47.25,54.833333333333314,53.375,5.541666666666665,36.45833333333333,27.416666666666664,16.333333333333332,75.25,68.83333333333333,70.58333333333334,62.12499999999999,68.25,56.875,50.16666666666666,64.75,66.5,66.5,11.0,11.0,11.0,11.0,11.0,11.0,11.0,11.0,10.0,13.0,30.0,20.0,18.0,30.0,15.0,14.0,14.0,15.0,17.0,15.0,12.0,15.0,15.0,15.0,7.999999999999999,7.999999999999999,7.999999999999999,7.999999999999999,7.999999999999999,7.999999999999999,7.999999999999999,7.499999999999999,8.333333333333332,8.0,0.8333333333333331,5.416666666666666,3.999999999999999,2.416666666666666,11.25,10.333333333333332,10.583333333333332,9.416666666666668,10.749999999999998,9.083333333333332,7.666666666666666,9.749999999999996,9.999999999999996,9.999999999999996,49.0,49.0,49.0,49.0,49.0,49.0,49.0,47.25,54.83333333333332,53.375,5.541666666666666,36.45833333333333,27.416666666666664,16.333333333333332,75.25,68.83333333333333,70.58333333333333,62.124999999999986,68.25,56.87499999999999,50.166666666666664,64.75,66.5,66.5,0.8560000000000001,0.8560000000000001,0.8560000000000001,0.8560000000000001,0.8560000000000001,0.8560000000000001,0.8560000000000001,0.8325,0.8325,0.657,0.657,0.657,0.8325,0.8325,0.657,0.657,0.657,0.8325,0.8325,0.657,0.657,0.6350000000000001,0.6350000000000001,0.7460000000000001,0.924,0.924,0.924,0.924,0.924,0.924,0.924,1.035,1.035,1.123,1.123,1.123,1.035,1.035,1.123,1.123,1.123,1.035,1.035,1.123,1.123,1.035,1.035,0.924
2022-12-10,66.5,65.91666666666667,59.5,59.5,59.5,59.5,59.5,57.16666666666667,52.5,53.08333333333333,56.29166666666666,56.0,56.0,58.91666666666666,61.83333333333333,56.0,56.0,53.95833333333333,64.75,71.75,77.0,75.25,70.29166666666667,63.0,15.0,15.0,14.0,14.0,14.0,14.0,14.0,14.0,13.0,13.0,14.0,14.0,14.0,14.0,15.0,14.0,14.0,14.0,15.0,16.0,18.0,18.0,17.0,15.0,9.999999999999996,9.916666666666664,8.999999999999996,8.999999999999996,8.999999999999996,8.999999999999996,8.999999999999996,8.666666666666664,7.999999999999998,8.083333333333332,8.583333333333332,9.0,9.0,9.416666666666666,9.833333333333332,9.0,9.0,9.166666666666666,10.75,11.75,12.5,12.249999999999996,11.416666666666664,9.999999999999996,66.5,65.91666666666666,59.5,59.5,59.5,59.5,59.5,57.166666666666664,52.5,53.083333333333336,56.29166666666666,55.99999999999999,55.99999999999999,58.91666666666666,61.83333333333332,55.99999999999999,55.99999999999999,53.95833333333332,64.74999999999999,71.75,77.0,75.24999999999999,70.29166666666666,63.0,0.8560000000000001,0.8560000000000001,0.8560000000000001,0.8560000000000001,0.8560000000000001,0.8560000000000001,0.8560000000000001,0.8325,0.8325,0.657,0.657,0.657,0.8325,0.8325,0.657,0.657,0.657,0.8325,0.8325,0.657,0.657,0.6350000000000001,0.6350000000000001,0.7460000000000001,0.924,0.924,0.924,0.924,0.924,0.924,0.924,1.035,1.035,1.123,1.123,1.123,1.035,1.035,1.123,1.123,1.123,1.035,1.035,1.123,1.123,1.035,1.035,0.924
2022-12-11,63.0,63.0,63.0,63.0,63.0,63.0,63.0,61.25,53.083333333333314,50.74999999999999,53.083333333333314,43.75,43.75,44.91666666666666,52.208333333333314,45.5,43.75,44.91666666666666,38.5,37.33333333333333,51.333333333333314,58.333333333333314,52.49999999999999,52.49999999999999,15.0,15.0,15.0,15.0,15.0,15.0,15.0,15.0,14.0,13.0,14.0,13.0,13.0,12.0,13.0,13.0,13.0,13.0,12.0,12.0,13.0,14.0,14.0,14.0,9.999999999999996,9.999999999999996,9.999999999999996,9.999999999999996,9.999999999999996,9.999999999999996,9.999999999999996,9.749999999999998,8.583333333333332,8.249999999999998,8.583333333333332,7.249999999999998,7.249999999999998,7.416666666666664,8.916666666666666,8.0,7.75,7.916666666666666,7.0,6.833333333333332,8.833333333333332,9.833333333333332,9.0,9.0,63.0,63.0,63.0,63.0,63.0,63.0,63.0,61.25,53.08333333333332,50.749999999999986,53.08333333333332,43.74999999999999,43.75,44.91666666666666,52.20833333333332,45.49999999999999,43.74999999999999,44.91666666666666,38.5,37.33333333333333,51.33333333333332,58.33333333333332,52.499999999999986,52.499999999999986,0.8560000000000001,0.8560000000000001,0.8560000000000001,0.8560000000000001,0.8560000000000001,0.8560000000000001,0.8560000000000001,0.8325,0.8325,0.657,0.657,0.657,0.8325,0.8325,0.657,0.657,0.657,0.8325,0.8325,0.8325,0.657,0.6350000000000001,0.6350000000000001,0.7460000000000001,0.924,0.924,0.924,0.924,0.924,0.924,0.924,1.035,1.035,1.123,1.123,1.123,1.035,1.035,1.123,1.123,1.123,1.035,1.035,1.035,1.123,1.035,1.035,0.924
2022-12-12,52.49999999999999,52.49999999999999,52.49999999999999,52.49999999999999,52.49999999999999,52.49999999999999,52.49999999999999,50.16666666666665,48.41666666666666,66.49999999999999,60.66666666666665,59.5,63.0,63.0,63.0,63.0,63.0,61.54166666666666,70.87499999999999,63.583333333333336,54.83333333333333,52.5,46.66666666666666,45.5,14.0,14.0,14.0,14.0,14.0,14.0,14.0,14.0,10.0,15.0,15.0,14.0,15.0,15.0,15.0,15.0,15.0,15.0,16.0,15.0,14.0,13.0,13.0,12.0,9.0,9.0,9.0,9.0,9.0,9.0,9.0,8.5,7.416666666666666,10.0,9.166666666666666,9.0,10.0,10.0,10.0,10.0,10.0,9.499999999999998,11.0,10.08333333333333,8.666666666666666,7.999999999999999,7.166666666666666,6.999999999999999,52.499999999999986,52.499999999999986,52.499999999999986,52.499999999999986,52.499999999999986,52.499999999999986,52.499999999999986,50.16666666666666,48.416666666666664,66.5,60.66666666666666,59.499999999999986,62.999999999999986,62.999999999999986,62.999999999999986,62.999999999999986,62.999999999999986,61.54166666666666,70.87499999999999,63.58333333333333,54.83333333333333,52.5,46.666666666666664,45.5,0.8560000000000001,0.8560000000000001,0.8560000000000001,0.8560000000000001,0.8560000000000001,0.8560000000000001,0.8560000000000001,0.8325,0.8325,0.657,0.657,0.657,0.8325,0.8325,0.657,0.657,0.657,0.8325,0.8325,0.657,0.657,0.6350000000000001,0.6350000000000001,0.7460000000000001,0.924,0.924,0.924,0.924,0.924,0.924,0.924,1.035,1.035,1.123,1.123,1.123,1.035,1.035,1.123,1.123,1.123,1.035,1.035,1.123,1.123,1.035,1.035,0.924
2022-12-13,45.5,45.5,45.5,45.5,45.5,45.5,45.5,40.54166666666666,44.33333333333333,58.91666666666666,53.66666666666666,52.5,44.91666666666666,38.5,38.5,38.5,41.41666666666666,42.0,60.95833333333332,69.41666666666666,72.04166666666666,61.833333333333336,51.333333333333336,48.41666666666666,12.0,12.0,12.0,12.0,12.0,12.0,12.0,12.0,11.0,13.0,14.0,13.0,12.0,11.0,11.0,11.0,11.0,11.0,13.0,15.0,16.0,15.0,13.0,12.0,6.999999999999999,6.999999999999999,6.999999999999999,6.999999999999999,6.999999999999999,6.999999999999999,6.999999999999999,6.166666666666666,6.833333333333332,8.916666666666666,8.166666666666666,7.999999999999999,6.916666666666666,5.999999999999998,5.999999999999998,5.999999999999998,6.416666666666665,6.5,9.583333333333332,10.916666666666664,10.833333333333332,9.33333333333333,7.833333333333331,7.416666666666666,45.5,45.5,45.5,45.5,45.5,45.5,45.5,40.541666666666664,44.33333333333333,58.91666666666666,53.66666666666666,52.499999999999986,44.91666666666666,38.5,38.5,38.5,41.416666666666664,41.99999999999999,60.95833333333333,69.41666666666666,72.04166666666666,61.83333333333333,51.333333333333336,48.416666666666664,0.8560000000000001,0.8560000000000001,0.8560000000000001,0.8560000000000001,0.8560000000000001,0.8560000000000001,0.8560000000000001,0.8325,0.8325,0.657,0.657,0.657,0.8325,0.8325,0.657,0.657,0.657,0.8325,0.8325,0.657,0.657,0.6350000000000001,0.6350000000000001,0.7460000000000001,0.924,0.924,0.924,0.924,0.924,0.924,0.924,1.035,1.035,1.123,1.123,1.123,1.035,1.035,1.123,1.123,1.123,1.035,1.035,1.123,1.123,1.035,1.035,0.924
2022-12-14,52.5,52.5,52.5,52.5,52.5,52.5,52.5,52.49999999999999,61.83333333333332,67.66666666666666,51.33333333333333,51.91666666666666,55.41666666666666,63.0,60.08333333333333,54.833333333333314,54.24999999999999,56.58333333333333,57.16666666666666,56.0,50.16666666666666,46.66666666666666,42.0,42.0,13.0,13.0,13.0,13.0,13.0,13.0,13.0,13.0,15.0,15.0,14.0,13.0,13.0,15.0,15.0,13.0,14.0,14.0,15.0,14.0,14.0,13.0,12.0,12.0,7.999999999999999,7.999999999999999,7.999999999999999,7.999999999999999,7.999999999999999,7.999999999999999,7.999999999999999,8.083333333333332,9.83333333333333,10.666666666666664,8.333333333333332,8.416666666666664,8.916666666666668,10.0,9.583333333333332,8.83333333333333,8.749999999999998,9.083333333333332,9.166666666666664,9.0,8.166666666666664,7.666666666666665,6.999999999999998,6.999999999999998,52.5,52.5,52.5,52.5,52.5,52.5,52.5,52.5,61.83333333333333,67.66666666666666,51.33333333333332,51.91666666666666,55.41666666666666,62.999999999999986,60.08333333333332,54.833333333333314,54.249999999999986,56.58333333333333,57.16666666666666,55.99999999999999,50.16666666666666,46.66666666666666,42.0,42.0,0.8560000000000001,0.8560000000000001,0.8560000000000001,0.8560000000000001,0.8560000000000001,0.8560000000000001,0.8560000000000001,0.8325,0.8325,0.657,0.657,0.657,0.8325,0.8325,0.657,0.657,0.657,0.8325,0.8325,0.657,0.657,0.6350000000000001,0.6350000000000001,0.7460000000000001,0.924,0.924,0.924,0.924,0.924,0.924,0.924,1.035,1.035,1.123,1.123,1.123,1.035,1.035,1.123,1.123,1.123,1.035,1.035,1.123,1.123,1.035,1.035,0.924
2022-12-15,42.0,42.0,42.0,42.0,42.0,42.0,42.0,40.54166666666666,45.5,56.0,52.49999999999997,61.833333333333314,62.99999999999999,67.66666666666666,70.0,72.04166666666666,73.5,73.5,73.5,71.45833333333331,73.5,68.83333333333334,60.66666666666666,49.58333333333333,12.0,12.0,12.0,12.0,12.0,12.0,12.0,12.0,12.0,15.0,13.0,14.0,15.0,15.0,16.0,16.0,17.0,17.0,17.0,17.0,17.0,16.0,15.0,14.0,6.999999999999998,6.999999999999998,6.999999999999998,6.999999999999998,6.999999999999998,6.999999999999998,6.999999999999998,6.583333333333332,7.499999999999998,8.999999999999998,8.499999999999998,9.833333333333332,10.0,10.666666666666664,11.0,11.583333333333332,12.0,12.0,12.0,11.249999999999998,11.5,10.666666666666666,9.166666666666664,7.499999999999999,42.0,42.0,42.0,42.0,42.0,42.0,42.0,40.541666666666664,45.5,55.999999999999986,52.499999999999986,61.83333333333332,62.999999999999986,67.66666666666666,70.0,72.04166666666667,73.5,73.5,73.5,71.45833333333331,73.5,68.83333333333333,60.666666666666664,49.58333333333333,0.8560000000000001,0.8560000000000001,0.8560000000000001,0.8560000000000001,0.8560000000000001,0.8560000000000001,0.8560000000000001,0.8325,0.8325,0.657,0.657,0.657,0.8325,0.8325,0.657,0.657,0.657,0.8325,0.8325,0.657,0.657,0.6350000000000001,0.6350000000000001,0.7460000000000001,0.924,0.924,0.924,0.924,0.924,0.924,0.924,1.035,1.035,1.123,1.123,1.123,1.035,1.035,1.123,1.123,1.123,1.035,1.035,1.123,1.123,1.035,1.035,0.924
2022-12-16,59.5,59.5,59.5,59.5,59.5,59.5,59.5,58.91666666666666,53.08333333333333,59.49999999999999,54.25,52.5,58.33333333333332,59.49999999999999,59.49999999999999,59.49999999999999,45.5,38.5,33.83333333333332,27.416666666666664,31.5,25.666666666666664,24.5,24.5,14.0,14.0,14.0,14.0,14.0,14.0,14.0,14.0,13.0,14.0,14.0,13.0,13.0,14.0,14.0,14.0,13.0,11.0,11.0,9.0,10.0,10.0,9.0,9.0,8.999999999999998,8.999999999999998,8.999999999999998,8.999999999999998,8.999999999999998,8.999999999999998,8.999999999999998,8.916666666666668,8.083333333333332,9.0,8.25,7.999999999999999,8.833333333333332,9.0,9.0,9.0,6.999999999999998,5.999999999999998,5.333333333333332,4.416666666666666,4.999999999999999,4.166666666666666,4.0,4.0,59.5,59.5,59.5,59.5,59.5,59.5,59.5,58.91666666666666,53.08333333333332,59.499999999999986,54.249999999999986,52.499999999999986,58.33333333333332,59.499999999999986,59.499999999999986,59.499999999999986,45.49999999999999,38.5,33.83333333333333,27.416666666666664,31.5,25.666666666666664,24.5,24.5,0.8560000000000001,0.8560000000000001,0.8560000000000001,0.8560000000000001,0.8560000000000001,0.8560000000000001,0.8560000000000001,0.8325,0.8325,0.657,0.657,0.657,0.8325,0.8325,0.8325,0.657,0.657,0.8325,0.8325,0.657,0.657,0.657,0.6350000000000001,0.7460000000000001,0.924,0.924,0.924,0.924,0.924,0.924,0.924,1.035,1.035,1.123,1.123,1.123,1.035,1.035,1.035,1.123,1.123,1.035,1.035,1.123,1.123,1.123,1.035,0.924
2022-12-17,24.5,24.5,24.5,24.5,24.5,24.5,21.875,21.0,21.0,26.83333333333333,26.25,15.166666666666668,9.33333333333333,16.33333333333333,20.125,21.29166666666666,24.5,24.5,34.41666666666666,41.41666666666666,34.416666666666664,31.5,33.83333333333332,38.49999999999999,9.0,9.0,9.0,9.0,9.0,9.0,9.0,8.0,8.0,9.0,9.0,8.0,6.0,7.0,8.0,8.0,9.0,9.0,9.0,12.0,11.0,10.0,10.0,11.0,4.0,4.0,4.0,4.0,4.0,4.0,3.25,3.0,3.0,3.833333333333334,3.75,2.1666666666666665,1.3333333333333328,2.666666666666665,3.2499999999999982,3.083333333333332,3.999999999999998,3.999999999999998,5.416666666666664,6.416666666666666,5.416666666666666,4.999999999999999,5.333333333333332,5.999999999999999,24.5,24.5,24.5,24.5,24.5,24.5,21.874999999999996,20.999999999999996,20.999999999999996,26.83333333333333,26.249999999999996,15.166666666666664,9.333333333333332,16.33333333333333,20.124999999999993,21.29166666666666,24.499999999999993,24.499999999999993,34.41666666666666,41.416666666666664,34.416666666666664,31.5,33.83333333333333,38.49999999999999,0.8560000000000001,0.8560000000000001,0.8560000000000001,0.8560000000000001,0.8560000000000001,0.8560000000000001,0.8560000000000001,0.8325,0.8325,0.657,0.657,0.657,0.8325,0.8325,0.657,0.657,0.657,0.8325,0.8325,0.657,0.657,0.6350000000000001,0.6350000000000001,0.7460000000000001,0.924,0.924,0.924,0.924,0.924,0.924,0.924,1.035,1.035,1.123,1.123,1.123,1.035,1.035,1.123,1.123,1.123,1.035,1.035,1.123,1.123,1.035,1.035,0.924
2022-12-18,38.49999999999999,38.49999999999999,38.49999999999999,38.49999999999999,38.49999999999999,38.49999999999999,38.49999999999999,44.33333333333333,41.41666666666666,38.49999999999999,44.33333333333333,46.083333333333336,52.50000000000001,47.25,45.5,35.0,30.625,31.5,40.24999999999999,45.49999999999999,45.49999999999999,46.66666666666666,37.04166666666666,32.08333333333333,11.0,11.0,11.0,11.0,11.0,11.0,11.0,11.0,12.0,11.0,11.0,12.0,13.0,13.0,12.0,11.0,10.0,10.0,11.0,12.0,12.0,12.0,12.0,10.0,5.999999999999999,5.999999999999999,5.999999999999999,5.999999999999999,5.999999999999999,5.999999999999999,5.999999999999999,6.833333333333332,6.416666666666666,5.999999999999999,6.833333333333332,7.083333333333332,7.999999999999997,7.249999999999999,6.999999999999999,5.499999999999998,4.75,4.999999999999999,6.249999999999999,6.999999999999999,6.999999999999999,7.166666666666664,5.416666666666666,4.583333333333332,38.49999999999999,38.49999999999999,38.49999999999999,38.49999999999999,38.49999999999999,38.49999999999999,38.49999999999999,44.33333333333333,41.41666666666666,38.49999999999999,44.33333333333333,46.08333333333333,52.5,47.25,45.5,34.99999999999999,30.625,31.5,40.24999999999999,45.49999999999999,45.49999999999999,46.66666666666666,37.04166666666666,32.08333333333333,0.8560000000000001,0.8560000000000001,0.8560000000000001,0.8560000000000001,0.8560000000000001,0.8560000000000001,0.8560000000000001,0.8325,0.8325,0.657,0.657,0.657,0.8325,0.8325,0.657,0.657,0.657,0.8325,0.8325,0.657,0.657,0.6350000000000001,0.6350000000000001,0.7460000000000001,0.924,0.924,0.924,0.924,0.924,0.924,0.924,1.035,1.035,1.123,1.123,1.123,1.035,1.035,1.123,1.123,1.123,1.035,1.035,1.123,1.123,1.035,1.035,0.924
2022-12-19,35.0,35.0,35.0,35.0,35.0,35.0,35.0,33.83333333333333,37.91666666666666,53.66666666666666,52.49999999999999,48.41666666666666,43.16666666666666,32.666666666666664,31.5,31.5,32.08333333333333,40.54166666666666,37.33333333333333,25.08333333333333,21.0,21.0,21.0,21.0,10.0,10.0,10.0,10.0,10.0,10.0,10.0,10.0,8.0,14.0,13.0,13.0,12.0,11.0,10.0,10.0,10.0,11.0,13.0,11.0,9.0,9.0,9.0,9.0,4.999999999999999,4.999999999999999,4.999999999999999,4.999999999999999,4.999999999999999,4.999999999999999,4.999999999999999,4.833333333333333,5.833333333333332,8.166666666666664,7.999999999999998,7.416666666666664,6.666666666666665,5.166666666666665,4.999999999999999,4.999999999999999,5.083333333333331,6.583333333333331,6.33333333333333,4.583333333333331,3.999999999999998,3.999999999999998,3.999999999999998,3.999999999999998,34.99999999999999,34.99999999999999,34.99999999999999,34.99999999999999,34.99999999999999,34.99999999999999,34.99999999999999,33.83333333333333,37.916666666666664,53.66666666666666,52.499999999999986,48.41666666666666,43.16666666666666,32.666666666666664,31.5,31.5,32.083333333333336,40.54166666666666,37.33333333333333,25.08333333333333,20.999999999999993,20.999999999999993,20.999999999999993,20.999999999999993,0.7460000000000001,0.8560000000000001,0.8560000000000001,0.8560000000000001,0.8560000000000001,0.8560000000000001,0.8560000000000001,0.8325,0.8325,0.657,0.657,0.657,0.8325,0.8325,0.657,0.657,0.657,0.8325,0.8325,0.657,0.657,0.6350000000000001,0.6350000000000001,0.7460000000000001,0.924,0.924,0.924,0.924,0.924,0.924,0.924,1.035,1.035,1.123,1.123,1.123,1.035,1.035,1.123,1.123,1.123,1.035,1.035,1.123,1.123,1.035,1.035,0.924
2022-12-20,21.0,21.0,21.0,21.0,21.0,21.0,21.0,21.0,29.75,29.166666666666657,28.58333333333333,35.0,28.0,25.95833333333333,31.5,31.5,31.5,29.166666666666664,17.499999999999993,10.499999999999996,10.499999999999996,10.499999999999996,10.499999999999996,10.499999999999996,9.0,9.0,9.0,9.0,9.0,9.0,9.0,9.0,9.0,11.0,10.0,11.0,10.0,10.0,10.0,10.0,10.0,10.0,9.0,7.0,7.0,7.0,7.0,7.0,3.999999999999998,3.999999999999998,3.999999999999998,3.999999999999998,3.999999999999998,3.999999999999998,3.999999999999998,3.999999999999998,5.249999999999997,5.166666666666664,5.08333333333333,5.999999999999998,4.999999999999997,4.33333333333333,4.999999999999999,4.999999999999999,4.999999999999999,4.666666666666665,2.9999999999999987,1.999999999999999,1.999999999999999,1.999999999999999,1.999999999999999,1.999999999999999,20.999999999999993,20.999999999999993,20.999999999999993,20.999999999999993,20.999999999999993,20.999999999999993,20.999999999999993,20.999999999999993,29.749999999999993,29.166666666666664,28.58333333333333,34.99999999999999,27.999999999999996,25.95833333333333,31.5,31.5,31.5,29.166666666666664,17.499999999999996,10.499999999999996,10.499999999999996,10.499999999999996,10.499999999999996,10.499999999999996,0.8560000000000001,0.8560000000000001,0.8560000000000001,0.8560000000000001,0.8560000000000001,0.8560000000000001,0.8560000000000001,0.8325,0.8325,0.657,0.657,0.657,0.8325,0.8325,0.657,0.657,0.657,0.8325,0.8325,0.657,0.657,0.6350000000000001,0.6350000000000001,0.7460000000000001,0.924,0.924,0.924,0.924,0.924,0.924,0.924,1.035,1.035,1.123,1.123,1.123,1.035,1.035,1.123,1.123,1.123,1.035,1.035,1.123,1.123,1.035,1.035,0.924
2022-12-21,10.499999999999996,10.499999999999996,10.499999999999996,10.499999999999996,10.499999999999996,10.499999999999996,10.499999999999996,10.499999999999996,15.749999999999996,24.5,24.5,29.75,36.16666666666666,36.75,34.41666666666666,29.166666666666657,44.91666666666666,45.5,41.41666666666666,26.83333333333333,24.5,24.5,24.5,24.5,7.0,7.0,7.0,7.0,7.0,7.0,7.0,7.0,7.0,9.0,9.0,9.0,10.0,10.0,11.0,10.0,11.0,12.0,12.0,11.0,9.0,9.0,9.0,9.0,1.999999999999999,1.999999999999999,1.999999999999999,1.999999999999999,1.999999999999999,1.999999999999999,1.999999999999999,1.999999999999999,2.7499999999999987,3.999999999999998,3.999999999999998,4.749999999999997,5.666666666666664,5.749999999999998,5.416666666666664,4.666666666666665,6.916666666666665,6.999999999999998,6.416666666666666,4.333333333333332,4.0,4.0,4.0,4.0,10.499999999999996,10.499999999999996,10.499999999999996,10.499999999999996,10.499999999999996,10.499999999999996,10.499999999999996,10.499999999999996,15.749999999999996,24.499999999999993,24.499999999999993,29.74999999999999,36.16666666666666,36.74999999999999,34.41666666666666,29.16666666666666,44.91666666666666,45.49999999999999,41.416666666666664,26.833333333333332,24.5,24.5,24.5,24.5,0.8560000000000001,0.8560000000000001,0.8560000000000001,0.8560000000000001,0.8560000000000001,0.8560000000000001,0.8560000000000001,0.8325,0.8325,0.657,0.657,0.657,0.8325,0.8325,0.657,0.657,0.657,0.8325,0.8325,0.657,0.657,0.6350000000000001,0.6350000000000001,0.7460000000000001,0.924,0.924,0.924,0.924,0.924,0.924,0.924,1.035,1.035,1.123,1.123,1.123,1.035,1.035,1.123,1.123,1.123,1.035,1.035,1.123,1.123,1.035,1.035,0.924
2022-12-22,24.5,24.5,24.5,24.5,24.5,24.5,24.5,25.08333333333333,32.666666666666664,51.33333333333333,52.5,52.5,52.5,52.5,52.5,52.5,46.66666666666666,42.0,32.66666666666666,24.5,24.5,24.5,21.58333333333333,24.5,9.0,9.0,9.0,9.0,9.0,9.0,9.0,9.0,10.0,11.0,13.0,13.0,13.0,13.0,13.0,13.0,13.0,12.0,11.0,9.0,9.0,9.0,9.0,9.0,4.0,4.0,4.0,4.0,4.0,4.0,4.0,4.083333333333333,5.166666666666666,7.833333333333333,7.999999999999999,7.999999999999999,7.999999999999999,7.999999999999999,7.999999999999999,7.999999999999999,7.166666666666664,6.499999999999998,5.166666666666664,3.999999999999998,3.999999999999998,3.999999999999998,3.583333333333332,4.0,24.5,24.5,24.5,24.5,24.5,24.5,24.5,25.083333333333332,32.666666666666664,51.33333333333332,52.499999999999986,52.499999999999986,52.499999999999986,52.499999999999986,52.499999999999986,52.499999999999986,46.66666666666666,41.99999999999999,32.66666666666666,24.499999999999993,24.499999999999993,24.499999999999993,21.58333333333333,24.5,0.8560000000000001,0.8560000000000001,0.8560000000000001,0.8560000000000001,0.8560000000000001,0.8560000000000001,0.8560000000000001,0.8325,0.8325,0.657,0.657,0.657,0.8325,0.8325,0.657,0.657,0.657,0.8325,0.8325,0.657,0.657,0.657,0.6350000000000001,0.7460000000000001,0.924,0.924,0.924,0.924,0.924,0.924,0.924,1.035,1.035,1.123,1.123,1.123,1.035,1.035,1.123,1.123,1.123,1.035,1.035,1.123,1.123,1.123,1.035,0.924
2022-12-23,24.5,24.5,24.5,24.5,24.5,24.5,24.5,24.5,31.5,37.91666666666666,38.5,32.66666666666666,31.5,30.33333333333333,30.33333333333333,31.5,36.75,39.08333333333333,37.91666666666666,21.58333333333333,18.08333333333333,24.5,24.5,24.5,9.0,9.0,9.0,9.0,9.0,9.0,9.0,9.0,10.0,10.0,11.0,11.0,10.0,10.0,9.0,10.0,10.0,11.0,12.0,9.0,8.0,9.0,9.0,9.0,4.0,4.0,4.0,4.0,4.0,4.0,4.0,4.0,4.999999999999999,5.916666666666665,5.999999999999998,5.166666666666664,4.999999999999997,4.83333333333333,4.833333333333332,4.999999999999999,5.749999999999998,6.083333333333331,5.916666666666665,3.583333333333332,3.083333333333332,3.999999999999998,3.999999999999998,3.999999999999998,24.5,24.5,24.5,24.5,24.5,24.5,24.5,24.5,31.5,37.91666666666666,38.49999999999999,32.66666666666666,31.49999999999999,30.33333333333332,30.333333333333332,31.5,36.75,39.08333333333333,37.91666666666666,21.58333333333333,18.08333333333333,24.499999999999993,24.499999999999993,24.499999999999993,0.8560000000000001,0.8560000000000001,0.8560000000000001,0.8560000000000001,0.8560000000000001,0.8560000000000001,0.8560000000000001,0.8325,0.8325,0.657,0.657,0.657,0.8325,0.8325,0.657,0.657,0.657,0.8325,0.8325,0.657,0.657,0.6350000000000001,0.6350000000000001,0.7460000000000001,0.924,0.924,0.924,0.924,0.924,0.924,0.924,1.035,1.035,1.123,1.123,1.123,1.035,1.035,1.123,1.123,1.123,1.035,1.035,1.123,1.123,1.035,1.035,0.924
2022-12-24,24.5,24.5,24.5,24.5,24.5,24.5,24.5,24.5,24.5,24.5,24.5,24.5,24.5,24.5,24.5,22.75,17.499999999999996,17.499999999999996,17.499999999999996,19.25,24.5,24.5,24.5,24.5,9.0,9.0,9.0,9.0,9.0,9.0,9.0,9.0,9.0,9.0,9.0,9.0,9.0,9.0,9.0,9.0,8.0,8.0,8.0,8.0,9.0,9.0,9.0,9.0,3.999999999999998,3.999999999999998,3.999999999999998,3.999999999999998,3.999999999999998,3.999999999999998,3.999999999999998,3.999999999999998,3.999999999999998,3.999999999999998,3.999999999999998,3.999999999999998,3.999999999999998,3.999999999999998,3.999999999999998,3.7499999999999982,2.9999999999999982,2.9999999999999982,2.9999999999999982,3.2499999999999987,4.0,4.0,4.0,4.0,24.499999999999993,24.499999999999993,24.499999999999993,24.499999999999993,24.499999999999993,24.499999999999993,24.499999999999993,24.499999999999993,24.499999999999993,24.499999999999993,24.499999999999993,24.499999999999993,24.499999999999993,24.499999999999993,24.499999999999993,22.749999999999993,17.499999999999993,17.499999999999993,17.499999999999993,19.249999999999993,24.5,24.5,24.5,24.5,0.8560000000000001,0.8560000000000001,0.8560000000000001,0.8560000000000001,0.8560000000000001,0.8560000000000001,0.8560000000000001,0.8325,0.8325,0.657,0.657,0.657,0.8325,0.8325,0.657,0.657,0.657,0.8325,0.8325,0.657,0.657,0.6350000000000001,0.6350000000000001,0.7460000000000001,0.924,0.924,0.924,0.924,0.924,0.924,0.924,1.035,1.035,1.123,1.123,1.123,1.035,1.035,1.123,1.123,1.123,1.035,1.035,1.123,1.123,1.035,1.035,0.924
2022-12-25,24.5,24.5,24.5,24.5,24.5,24.5,24.5,24.5,19.25,17.499999999999996,17.499999999999996,17.499999999999996,23.33333333333333,24.5,18.08333333333333,17.499999999999996,17.499999999999996,17.499999999999996,23.916666666666664,24.5,24.5,28.0,31.5,31.5,9.0,9.0,9.0,9.0,9.0,9.0,9.0,9.0,9.0,8.0,8.0,8.0,8.0,9.0,9.0,8.0,8.0,8.0,8.0,9.0,9.0,9.0,10.0,10.0,4.0,4.0,4.0,4.0,4.0,4.0,4.0,4.0,3.2499999999999987,2.9999999999999982,2.9999999999999982,2.9999999999999982,3.8333333333333326,4.0,3.083333333333332,2.9999999999999982,2.9999999999999982,2.9999999999999982,3.916666666666666,4.0,4.0,4.5,4.999999999999999,4.999999999999999,24.5,24.5,24.5,24.5,24.5,24.5,24.5,24.5,19.249999999999996,17.499999999999993,17.499999999999993,17.499999999999993,23.333333333333332,24.5,18.08333333333333,17.499999999999993,17.499999999999993,17.499999999999993,23.916666666666664,24.5,24.5,28.0,31.5,31.5,0.8560000000000001,0.8560000000000001,0.8560000000000001,0.8560000000000001,0.8560000000000001,0.8560000000000001,0.8560000000000001,0.8325,0.8325,0.657,0.657,0.657,0.8325,0.8325,0.657,0.657,0.657,0.8325,0.8325,0.657,0.657,0.6350000000000001,0.6350000000000001,0.7460000000000001,0.924,0.924,0.924,0.924,0.924,0.924,0.924,1.035,1.035,1.123,1.123,1.123,1.035,1.035,1.123,1.123,1.123,1.035,1.035,1.123,1.123,1.035,1.035,0.924
2022-12-26,31.5,31.5,31.5,31.5,31.5,31.5,31.5,30.91666666666666,28.0,36.16666666666666,33.541666666666664,38.20833333333333,46.08333333333333,42.58333333333333,45.5,49.58333333333333,52.5,52.5,50.16666666666666,42.0,31.5,31.5,31.5,31.5,10.0,10.0,10.0,10.0,10.0,10.0,10.0,10.0,9.0,10.0,11.0,9.0,12.0,12.0,13.0,13.0,14.0,14.0,14.0,13.0,11.0,11.0,11.0,11.0,4.999999999999999,4.999999999999999,4.999999999999999,4.999999999999999,4.999999999999999,4.999999999999999,4.999999999999999,4.916666666666666,4.499999999999998,5.666666666666665,4.833333333333332,5.833333333333332,7.25,7.166666666666665,7.999999999999999,8.583333333333332,8.999999999999998,8.999999999999998,8.666666666666666,7.499999999999999,6.0,6.0,6.0,6.0,31.5,31.5,31.5,31.5,31.5,31.5,31.5,30.916666666666668,27.999999999999996,36.16666666666666,33.54166666666666,38.20833333333333,46.08333333333333,42.58333333333332,45.49999999999999,49.58333333333332,52.499999999999986,52.499999999999986,50.16666666666666,41.99999999999999,31.5,31.5,31.5,31.5,0.8560000000000001,0.8560000000000001,0.8560000000000001,0.8560000000000001,0.8560000000000001,0.8560000000000001,0.8560000000000001,0.8325,0.8325,0.657,0.657,0.657,0.8325,0.8325,0.657,0.657,0.657,0.8325,0.8325,0.657,0.657,0.6350000000000001,0.6350000000000001,0.7460000000000001,0.924,0.924,0.924,0.924,0.924,0.924,0.924,1.035,1.035,1.123,1.123,1.123,1.035,1.035,1.123,1.123,1.123,1.035,1.035,1.123,1.123,1.035,1.035,0.924
2022-12-27,31.5,31.5,31.5,31.5,31.5,31.5,31.5,31.5,39.08333333333333,45.49999999999999,45.49999999999999,43.75,52.5,56.58333333333332,59.5,58.91666666666666,53.66666666666666,64.16666666666666,65.33333333333333,66.49999999999999,54.24999999999999,45.49999999999999,45.49999999999999,45.49999999999999,11.0,11.0,11.0,11.0,11.0,11.0,11.0,11.0,11.0,13.0,13.0,12.0,14.0,15.0,15.0,15.0,13.0,16.0,15.0,16.0,16.0,13.0,13.0,13.0,6.0,6.0,6.0,6.0,6.0,6.0,6.0,6.0,7.083333333333333,7.999999999999999,7.999999999999999,7.749999999999999,8.999999999999998,9.583333333333332,10.0,9.916666666666664,9.166666666666666,10.666666666666666,10.833333333333332,11.0,9.25,8.0,8.0,8.0,31.5,31.5,31.5,31.5,31.5,31.5,31.5,31.5,39.08333333333333,45.49999999999999,45.49999999999999,43.749999999999986,52.499999999999986,56.58333333333332,59.5,58.91666666666666,53.66666666666666,64.16666666666666,65.33333333333333,66.5,54.24999999999999,45.49999999999999,45.49999999999999,45.49999999999999,0.8560000000000001,0.8560000000000001,0.8560000000000001,0.8560000000000001,0.8560000000000001,0.8560000000000001,0.8560000000000001,0.8325,0.8325,0.657,0.657,0.657,0.8325,0.8325,0.657,0.657,0.657,0.8325,0.8325,0.8325,0.657,0.6350000000000001,0.6350000000000001,0.7460000000000001,0.924,0.924,0.924,0.924,0.924,0.924,0.924,1.035,1.035,1.123,1.123,1.123,1.035,1.035,1.123,1.123,1.123,1.035,1.035,1.035,1.123,1.035,1.035,0.924
2022-12-28,45.49999999999999,45.49999999999999,45.49999999999999,45.49999999999999,45.49999999999999,45.49999999999999,45.49999999999999,45.49999999999999,51.333333333333314,54.833333333333314,46.66666666666666,54.24999999999999,55.125,57.45833333333333,59.5,59.5,55.41666666666666,56.58333333333333,50.16666666666666,39.375,35.0,35.0,35.0,35.0,13.0,13.0,13.0,13.0,13.0,13.0,13.0,13.0,13.0,15.0,13.0,13.0,15.0,14.0,15.0,15.0,15.0,14.0,15.0,13.0,11.0,11.0,11.0,11.0,8.0,8.0,8.0,8.0,8.0,8.0,8.0,8.0,8.833333333333332,9.333333333333332,8.166666666666666,9.25,9.0,9.416666666666666,10.0,10.0,9.416666666666666,9.583333333333334,8.666666666666666,7.083333333333332,5.999999999999998,5.999999999999998,5.999999999999998,5.999999999999998,45.49999999999999,45.49999999999999,45.49999999999999,45.49999999999999,45.49999999999999,45.49999999999999,45.49999999999999,45.49999999999999,51.33333333333332,54.83333333333332,46.66666666666666,54.24999999999999,55.12499999999999,57.45833333333333,59.5,59.5,55.41666666666666,56.58333333333333,50.16666666666666,39.37499999999999,34.99999999999999,34.99999999999999,34.99999999999999,34.99999999999999,0.8560000000000001,0.8560000000000001,0.8560000000000001,0.8560000000000001,0.8560000000000001,0.8560000000000001,0.8560000000000001,0.8325,0.8325,0.657,0.657,0.657,0.8325,0.8325,0.657,0.657,0.657,0.8325,0.8325,0.657,0.657,0.6350000000000001,0.6350000000000001,0.7460000000000001,0.924,0.924,0.924,0.924,0.924,0.924,0.924,1.035,1.035,1.123,1.123,1.123,1.035,1.035,1.123,1.123,1.123,1.035,1.035,1.123,1.123,1.035,1.035,0.924
2022-12-29,32.08333333333333,35.0,35.0,28.0,28.0,28.0,28.0,28.58333333333333,47.24999999999999,72.33333333333331,76.99999999999997,77.29166666666663,79.33333333333331,80.49999999999997,74.66666666666664,70.58333333333331,73.49999999999999,71.45833333333331,57.74999999999999,55.99999999999998,58.33333333333333,56.0,56.0,56.0,11.0,11.0,11.0,10.0,10.0,10.0,10.0,10.0,11.0,16.0,17.0,17.0,18.0,18.0,18.0,17.0,17.0,17.0,16.0,14.0,14.0,14.0,14.0,14.0,5.499999999999998,5.999999999999998,5.999999999999998,4.999999999999999,4.999999999999999,4.999999999999999,4.999999999999999,5.083333333333332,7.749999999999998,11.333333333333332,12.0,12.083333333333332,12.833333333333332,13.0,12.166666666666668,11.583333333333332,12.0,11.416666666666664,9.25,8.999999999999998,9.333333333333332,8.999999999999998,8.999999999999998,8.999999999999998,32.08333333333333,34.99999999999999,34.99999999999999,27.999999999999996,27.999999999999996,27.999999999999996,27.999999999999996,28.58333333333333,47.249999999999986,72.33333333333331,76.99999999999999,77.29166666666664,79.33333333333331,80.49999999999999,74.66666666666666,70.58333333333333,73.49999999999999,71.45833333333333,57.74999999999999,55.99999999999999,58.33333333333333,55.99999999999999,55.99999999999999,55.99999999999999,0.8560000000000001,0.8560000000000001,0.8560000000000001,0.8560000000000001,0.8560000000000001,0.8560000000000001,0.8560000000000001,0.8325,0.8325,0.657,0.657,0.657,0.8325,0.8325,0.657,0.657,0.657,0.8325,0.8325,0.657,0.657,0.6350000000000001,0.6350000000000001,0.7460000000000001,0.924,0.924,0.924,0.924,0.924,0.924,0.924,1.035,1.035,1.123,1.123,1.123,1.035,1.035,1.123,1.123,1.123,1.035,1.035,1.123,1.123,1.035,1.035,0.924
2022-12-30,56.0,56.0,56.0,56.0,56.0,56.0,56.0,55.41666666666666,48.99999999999999,60.66666666666665,61.833333333333314,63.0,63.0,63.0,60.083333333333314,67.08333333333333,62.41666666666666,56.0,48.41666666666666,48.708333333333314,41.41666666666666,45.49999999999999,53.66666666666667,61.833333333333314,14.0,14.0,14.0,14.0,14.0,14.0,14.0,14.0,13.0,13.0,15.0,15.0,15.0,15.0,15.0,15.0,16.0,14.0,14.0,13.0,12.0,11.0,13.0,14.0,8.999999999999998,8.999999999999998,8.999999999999998,8.999999999999998,8.999999999999998,8.999999999999998,8.999999999999998,8.916666666666664,7.999999999999998,9.666666666666664,9.833333333333332,10.0,10.0,10.0,9.583333333333332,10.583333333333332,9.916666666666664,8.999999999999998,7.916666666666664,7.916666666666665,6.416666666666665,6.999999999999999,8.166666666666664,9.333333333333332,55.99999999999999,55.99999999999999,55.99999999999999,55.99999999999999,55.99999999999999,55.99999999999999,55.99999999999999,55.41666666666666,48.999999999999986,60.66666666666666,61.83333333333332,62.999999999999986,62.999999999999986,62.999999999999986,60.08333333333332,67.08333333333333,62.416666666666664,55.99999999999999,48.41666666666666,48.70833333333332,41.416666666666664,45.49999999999999,53.666666666666664,61.83333333333333,0.8560000000000001,0.8560000000000001,0.8560000000000001,0.8560000000000001,0.8560000000000001,0.8560000000000001,0.8560000000000001,0.8325,0.8325,0.657,0.657,0.657,0.8325,0.8325,0.657,0.657,0.657,0.8325,0.8325,0.657,0.657,0.657,0.6350000000000001,0.7460000000000001,0.924,0.924,0.924,0.924,0.924,0.924,0.924,1.035,1.035,1.123,1.123,1.123,1.035,1.035,1.123,1.123,1.123,1.035,1.035,1.123,1.123,1.123,1.035,0.924
2022-12-31,66.49999999999999,66.49999999999999,66.49999999999999,66.49999999999999,66.49999999999999,71.74999999999999,73.49999999999999,73.49999999999999,69.12499999999997,69.99999999999999,67.66666666666667,60.083333333333336,59.5,75.24999999999999,76.99999999999999,76.99999999999999,76.99999999999999,66.5,68.83333333333334,62.99999999999999,62.99999999999999,62.99999999999999,60.66666666666666,56.0,15.0,15.0,15.0,15.0,15.0,15.0,16.0,16.0,16.0,16.0,16.0,15.0,11.0,16.0,17.0,17.0,17.0,17.0,15.0,15.0,15.0,15.0,15.0,14.0,9.999999999999998,9.999999999999998,9.999999999999998,9.999999999999998,9.999999999999998,10.749999999999998,10.999999999999998,10.999999999999998,10.583333333333334,10.999999999999998,10.666666666666664,9.166666666666664,9.33333333333333,11.749999999999998,11.999999999999998,11.999999999999998,11.999999999999998,10.499999999999996,10.833333333333329,9.999999999999998,9.999999999999998,9.999999999999998,9.666666666666664,8.999999999999998,66.5,66.5,66.5,66.5,66.5,71.74999999999999,73.49999999999999,73.49999999999999,69.12499999999999,69.99999999999999,67.66666666666666,60.08333333333333,59.5,75.24999999999999,77.0,77.0,77.0,66.5,68.83333333333331,63.0,63.0,63.0,60.666666666666664,55.99999999999999,0.8560000000000001,0.8560000000000001,0.8560000000000001,0.8560000000000001,0.8560000000000001,0.8560000000000001,0.8560000000000001,0.8325,0.8325,0.657,0.657,0.657,0.8325,0.8325,0.657,0.657,0.657,0.8325,0.8325,0.657,0.657,0.6350000000000001,0.6350000000000001,0.7460000000000001,0.924,0.924,0.924,0.924,0.924,0.924,0.924,1.035,1.035,1.123,1.123,1.123,1.035,1.035,1.123,1.123,1.123,1.035,1.035,1.123,1.123,1.035,1.035,0.924
2023-01-01,56.0,56.0,56.0,56.0,56.0,56.0,56.0,56.0,48.99999999999999,46.083333333333314,41.99999999999999,41.99999999999999,35.0,37.33333333333333,42.0,50.16666666666665,53.083333333333314,60.66666666666665,58.33333333333333,46.66666666666666,41.99999999999999,36.75,37.33333333333332,41.99999999999999,14.0,14.0,14.0,14.0,14.0,14.0,14.0,14.0,13.0,13.0,12.0,12.0,11.0,11.0,12.0,12.0,14.0,13.0,14.0,13.0,12.0,12.0,11.0,12.0,8.999999999999998,8.999999999999998,8.999999999999998,8.999999999999998,8.999999999999998,8.999999999999998,8.999999999999998,8.999999999999998,7.999999999999998,7.583333333333332,6.999999999999999,6.999999999999999,5.999999999999999,6.333333333333332,6.999999999999998,8.166666666666664,8.583333333333332,9.666666666666664,9.333333333333332,7.666666666666667,6.999999999999999,6.249999999999999,6.333333333333332,6.999999999999999,55.99999999999999,55.99999999999999,55.99999999999999,55.99999999999999,55.99999999999999,55.99999999999999,55.99999999999999,55.99999999999999,48.999999999999986,46.08333333333332,41.999999999999986,41.999999999999986,34.99999999999999,37.33333333333333,42.0,50.16666666666666,53.08333333333332,60.666666666666664,58.33333333333333,46.66666666666666,41.999999999999986,36.74999999999999,37.33333333333333,41.999999999999986,0.7460000000000001,0.8560000000000001,0.8560000000000001,0.8560000000000001,0.8560000000000001,0.8560000000000001,0.8560000000000001,0.8325,0.8325,0.657,0.657,0.657,0.8325,0.8325,0.657,0.657,0.657,0.8325,0.8325,0.657,0.657,0.6350000000000001,0.6350000000000001,0.7460000000000001,0.924,0.924,0.924,0.924,0.924,0.924,0.924,1.035,1.035,1.123,1.123,1.123,1.035,1.035,1.123,1.123,1.123,1.035,1.035,1.123,1.123,1.035,1.035,0.924
2023-01-02,41.99999999999999,41.99999999999999,41.99999999999999,41.99999999999999,41.99999999999999,41.99999999999999,41.99999999999999,41.99999999999999,41.99999999999999,41.99999999999999,36.16666666666666,35.0,35.0,35.0,35.0,42.0,48.99999999999999,43.75,43.75,57.75,50.16666666666666,49.0,49.0,56.0,12.0,12.0,12.0,12.0,12.0,12.0,12.0,12.0,12.0,12.0,12.0,11.0,11.0,11.0,11.0,12.0,13.0,13.0,12.0,15.0,14.0,13.0,13.0,14.0,6.999999999999999,6.999999999999999,6.999999999999999,6.999999999999999,6.999999999999999,6.999999999999999,6.999999999999999,6.999999999999999,6.999999999999999,6.999999999999999,6.166666666666666,5.999999999999999,5.999999999999999,5.999999999999999,5.999999999999999,6.999999999999998,7.999999999999998,7.249999999999998,7.249999999999998,9.249999999999998,8.166666666666666,7.999999999999999,7.999999999999999,8.999999999999998,41.999999999999986,41.999999999999986,41.999999999999986,41.999999999999986,41.999999999999986,41.999999999999986,41.999999999999986,41.999999999999986,41.999999999999986,41.999999999999986,36.16666666666666,34.99999999999999,34.99999999999999,34.99999999999999,34.99999999999999,42.0,48.999999999999986,43.75,43.75,57.74999999999999,50.166666666666664,49.0,49.0,55.99999999999999,0.8560000000000001,0.8560000000000001,0.8560000000000001,0.8560000000000001,0.8560000000000001,0.8560000000000001,0.8560000000000001,0.8325,0.8325,0.657,0.657,0.657,0.8325,0.8325,0.8325,0.657,0.657,0.8325,0.8325,0.657,0.657,0.6350000000000001,0.6350000000000001,0.7460000000000001,0.924,0.924,0.924,0.924,0.924,0.924,0.924,1.035,1.035,1.123,1.123,1.123,1.035,1.035,1.035,1.123,1.123,1.035,1.035,1.123,1.123,1.035,1.035,0.924
2023-01-03,56.0,56.0,56.0,56.0,56.0,56.0,56.0,56.58333333333333,66.79166666666666,82.24999999999999,86.33333333333331,82.83333333333333,66.49999999999999,62.41666666666666,60.08333333333333,70.58333333333331,74.08333333333331,78.75,77.58333333333331,78.74999999999999,72.91666666666666,73.49999999999999,73.49999999999999,73.49999999999999,14.0,14.0,14.0,14.0,14.0,14.0,14.0,14.0,15.0,17.0,19.0,18.0,16.0,16.0,15.0,16.0,17.0,15.0,16.0,15.0,16.0,15.0,15.0,15.0,8.999999999999998,8.999999999999998,8.999999999999998,8.999999999999998,8.999999999999998,8.999999999999998,8.999999999999998,9.083333333333332,10.75,13.25,13.833333333333332,13.333333333333332,11.0,10.416666666666666,10.083333333333332,11.583333333333334,11.749999999999998,12.249999999999998,12.083333333333332,12.416666666666664,11.916666666666668,12.0,12.0,12.0,55.99999999999999,55.99999999999999,55.99999999999999,55.99999999999999,55.99999999999999,55.99999999999999,55.99999999999999,56.58333333333333,66.79166666666666,82.24999999999999,86.33333333333333,82.83333333333333,66.5,62.416666666666664,60.08333333333333,70.58333333333333,74.08333333333333,78.74999999999999,77.58333333333331,78.74999999999999,72.91666666666666,73.49999999999999,73.49999999999999,73.49999999999999,0.8560000000000001,0.8560000000000001,0.8560000000000001,0.8560000000000001,0.8560000000000001,0.8560000000000001,0.8560000000000001,0.8325,0.8325,0.657,0.657,0.657,0.8325,0.8325,0.657,0.657,0.657,0.8325,0.8325,0.657,0.657,0.6350000000000001,0.6350000000000001,0.7460000000000001,0.924,0.924,0.924,0.924,0.924,0.924,0.924,1.035,1.035,1.123,1.123,1.123,1.035,1.035,1.123,1.123,1.123,1.035,1.035,1.123,1.123,1.035,1.035,0.924
2023-01-04,73.49999999999999,73.49999999999999,73.49999999999999,73.49999999999999,73.49999999999999,73.49999999999999,73.49999999999999,72.33333333333331,65.33333333333333,72.33333333333331,73.49999999999999,70.58333333333331,66.49999999999999,66.49999999999999,68.25,68.83333333333331,67.08333333333331,73.49999999999999,66.49999999999999,54.833333333333314,52.49999999999999,52.49999999999999,52.49999999999999,52.49999999999999,15.0,15.0,15.0,15.0,15.0,15.0,15.0,15.0,14.0,14.0,15.0,15.0,14.0,14.0,14.0,15.0,14.0,15.0,14.0,14.0,12.0,12.0,12.0,12.0,12.0,12.0,12.0,12.0,12.0,12.0,12.0,11.833333333333332,10.833333333333332,11.833333333333332,12.0,11.583333333333332,11.0,11.0,11.25,11.333333333333334,11.083333333333332,12.0,11.0,9.333333333333332,9.0,9.0,9.0,9.0,73.49999999999999,73.49999999999999,73.49999999999999,73.49999999999999,73.49999999999999,73.49999999999999,73.49999999999999,72.33333333333333,65.33333333333333,72.33333333333333,73.49999999999999,70.58333333333333,66.5,66.5,68.25,68.83333333333333,67.08333333333333,73.49999999999999,66.5,54.83333333333332,52.499999999999986,52.499999999999986,52.499999999999986,52.499999999999986,0.8560000000000001,0.8560000000000001,0.8560000000000001,0.8560000000000001,0.8560000000000001,0.8560000000000001,0.8560000000000001,0.8325,0.8325,0.657,0.657,0.657,0.8325,0.8325,0.657,0.657,0.657,0.8325,0.8325,0.657,0.657,0.6350000000000001,0.6350000000000001,0.7460000000000001,0.924,0.924,0.924,0.924,0.924,0.924,0.924,1.035,1.035,1.123,1.123,1.123,1.035,1.035,1.123,1.123,1.123,1.035,1.035,1.123,1.123,1.035,1.035,0.924
2023-01-05,52.49999999999999,52.49999999999999,52.49999999999999,52.49999999999999,52.49999999999999,52.49999999999999,52.49999999999999,48.99999999999999,54.24999999999999,59.5,54.54166666666666,57.16666666666666,44.91666666666666,38.49999999999999,31.5,28.875,40.24999999999999,43.74999999999999,52.5,54.25,57.74999999999998,59.49999999999998,57.75,52.5,12.0,12.0,12.0,12.0,12.0,12.0,12.0,12.0,11.0,13.0,13.0,13.0,11.0,10.0,9.0,9.0,9.0,11.0,12.0,12.0,12.0,13.0,12.0,12.0,9.0,9.0,9.0,9.0,9.0,9.0,9.0,8.499999999999998,9.25,10.0,9.166666666666668,9.666666666666668,7.916666666666665,6.999999999999998,5.999999999999998,5.499999999999998,7.249999999999999,7.749999999999999,9.0,9.25,9.749999999999998,10.0,9.75,9.0,52.499999999999986,52.499999999999986,52.499999999999986,52.499999999999986,52.499999999999986,52.499999999999986,52.499999999999986,48.99999999999999,54.24999999999999,59.5,54.541666666666664,57.166666666666664,44.91666666666666,38.499999999999986,31.49999999999999,28.87499999999999,40.24999999999999,43.74999999999999,52.499999999999986,54.249999999999986,57.749999999999986,59.499999999999986,57.74999999999999,52.5,0.8560000000000001,0.8560000000000001,0.8560000000000001,0.8560000000000001,0.8560000000000001,0.8560000000000001,0.8560000000000001,0.8325,0.8325,0.657,0.657,0.657,0.8325,0.8325,0.657,0.657,0.657,0.8325,0.8325,0.657,0.657,0.6350000000000001,0.6350000000000001,0.7460000000000001,0.924,0.924,0.924,0.924,0.924,0.924,0.924,1.035,1.035,1.123,1.123,1.123,1.035,1.035,1.123,1.123,1.123,1.035,1.035,1.123,1.123,1.035,1.035,0.924
2023-01-06,57.75000000000001,59.50000000000001,57.16666666666666,52.5,52.5,52.5,52.5,51.333333333333336,54.25,70.58333333333334,68.25,66.5,66.5,66.5,59.49999999999999,60.66666666666666,75.25,78.16666666666666,70.0,48.99999999999999,45.49999999999999,45.49999999999999,41.41666666666666,45.49999999999999,12.0,13.0,13.0,12.0,12.0,12.0,12.0,12.0,10.0,14.0,17.0,16.0,16.0,16.0,16.0,14.0,17.0,18.0,17.0,13.0,13.0,13.0,13.0,13.0,9.749999999999998,9.999999999999998,9.666666666666666,9.0,9.0,9.0,9.0,8.833333333333332,9.25,11.58333333333333,11.249999999999996,10.999999999999998,10.999999999999998,10.999999999999998,10.0,10.166666666666664,12.249999999999996,12.666666666666666,11.5,8.5,7.999999999999999,7.999999999999999,7.416666666666666,7.999999999999999,57.75,59.5,57.166666666666664,52.5,52.5,52.5,52.5,51.333333333333336,54.24999999999999,70.58333333333333,68.24999999999999,66.5,66.5,66.5,59.49999999999999,60.66666666666666,75.24999999999999,78.16666666666666,70.0,48.99999999999999,45.49999999999999,45.49999999999999,41.416666666666664,45.49999999999999,0.8560000000000001,0.8560000000000001,0.8560000000000001,0.8560000000000001,0.8560000000000001,0.8560000000000001,0.8560000000000001,0.8325,0.8325,0.657,0.657,0.657,0.8325,0.8325,0.657,0.657,0.657,0.8325,0.8325,0.657,0.657,0.6350000000000001,0.6350000000000001,0.6350000000000001,0.924,0.924,0.924,0.924,0.924,0.924,0.924,1.035,1.035,1.123,1.123,1.123,1.035,1.035,1.123,1.123,1.123,1.035,1.035,1.123,1.123,1.035,1.035,1.035
2023-01-07,45.49999999999999,45.49999999999999,45.49999999999999,45.49999999999999,45.49999999999999,45.49999999999999,45.49999999999999,45.49999999999999,45.49999999999999,48.41666666666666,52.5,53.08333333333333,53.08333333333333,47.25,52.5,51.33333333333333,45.5,46.66666666666666,63.58333333333331,63.583333333333314,58.91666666666665,52.49999999999999,52.49999999999999,52.49999999999999,13.0,13.0,13.0,13.0,13.0,13.0,13.0,13.0,13.0,13.0,14.0,14.0,15.0,13.0,14.0,14.0,13.0,13.0,14.0,16.0,15.0,14.0,14.0,14.0,7.999999999999999,7.999999999999999,7.999999999999999,7.999999999999999,7.999999999999999,7.999999999999999,7.999999999999999,7.999999999999999,7.999999999999999,8.416666666666666,9.0,9.083333333333332,9.083333333333332,8.249999999999998,8.999999999999998,8.833333333333332,7.999999999999999,8.166666666666666,10.583333333333332,10.583333333333332,9.916666666666666,9.0,9.0,9.0,45.49999999999999,45.49999999999999,45.49999999999999,45.49999999999999,45.49999999999999,45.49999999999999,45.49999999999999,45.49999999999999,45.49999999999999,48.41666666666666,52.499999999999986,53.08333333333332,53.08333333333333,47.24999999999999,52.499999999999986,51.33333333333332,45.49999999999999,46.66666666666666,63.58333333333333,63.58333333333332,58.91666666666665,52.499999999999986,52.499999999999986,52.499999999999986,0.8560000000000001,0.8560000000000001,0.8560000000000001,0.8560000000000001,0.8560000000000001,0.8560000000000001,0.8560000000000001,0.8325,0.8325,0.657,0.657,0.657,0.8325,0.8325,0.657,0.657,0.657,0.8325,0.8325,0.657,0.657,0.6350000000000001,0.6350000000000001,0.7460000000000001,0.924,0.924,0.924,0.924,0.924,0.924,0.924,1.035,1.035,1.123,1.123,1.123,1.035,1.035,1.123,1.123,1.123,1.035,1.035,1.123,1.123,1.035,1.035,0.924
2023-01-08,52.49999999999999,52.49999999999999,52.49999999999999,52.49999999999999,52.49999999999999,52.49999999999999,49.583333333333314,48.99999999999999,46.083333333333314,29.166666666666664,28.0,32.08333333333333,41.99999999999999,41.99999999999999,42.29166666666665,52.5,52.5,48.99999999999999,48.41666666666666,48.99999999999999,45.49999999999999,42.0,45.49999999999999,50.74999999999999,14.0,14.0,14.0,14.0,14.0,14.0,14.0,13.0,13.0,11.0,10.0,10.0,12.0,12.0,12.0,14.0,14.0,14.0,13.0,14.0,13.0,13.0,13.0,13.0,9.0,9.0,9.0,9.0,9.0,9.0,8.166666666666664,7.999999999999998,7.583333333333331,5.166666666666666,4.999999999999999,5.583333333333332,6.999999999999999,6.999999999999999,7.083333333333332,9.0,9.0,8.5,8.416666666666666,8.5,8.0,7.499999999999999,8.0,8.75,52.499999999999986,52.499999999999986,52.499999999999986,52.499999999999986,52.499999999999986,52.499999999999986,49.58333333333332,48.999999999999986,46.08333333333332,29.166666666666664,27.999999999999996,32.08333333333333,41.999999999999986,41.999999999999986,42.29166666666666,52.5,52.5,49.0,48.416666666666664,49.0,45.49999999999999,41.99999999999999,45.49999999999999,50.74999999999999,0.8560000000000001,0.8560000000000001,0.8560000000000001,0.8560000000000001,0.8560000000000001,0.8560000000000001,0.8560000000000001,0.8325,0.8325,0.657,0.657,0.657,0.8325,0.8325,0.657,0.657,0.657,0.8325,0.8325,0.657,0.657,0.6350000000000001,0.6350000000000001,0.7460000000000001,0.924,0.924,0.924,0.924,0.924,0.924,0.924,1.035,1.035,1.123,1.123,1.123,1.035,1.035,1.123,1.123,1.123,1.035,1.035,1.123,1.123,1.035,1.035,0.924
2023-01-09,52.49999999999999,52.49999999999999,47.24999999999999,45.49999999999999,45.49999999999999,45.49999999999999,45.49999999999999,45.49999999999999,60.08333333333332,54.24999999999999,50.74999999999999,45.5,45.5,45.5,44.91666666666666,38.5,38.5,37.33333333333333,45.5,50.16666666666666,42.58333333333333,38.49999999999999,41.41666666666666,45.49999999999999,14.0,14.0,14.0,13.0,13.0,13.0,13.0,13.0,13.0,15.0,14.0,13.0,13.0,13.0,13.0,12.0,12.0,11.0,13.0,13.0,13.0,12.0,12.0,13.0,9.0,9.0,8.25,8.0,8.0,8.0,8.0,8.0,10.083333333333332,9.25,8.749999999999998,7.999999999999999,7.999999999999999,7.999999999999999,7.916666666666666,7.0,7.0,6.833333333333334,7.999999999999999,8.666666666666664,7.583333333333331,6.999999999999998,7.416666666666665,7.999999999999999,52.499999999999986,52.499999999999986,47.24999999999999,45.49999999999999,45.49999999999999,45.49999999999999,45.49999999999999,45.49999999999999,60.08333333333332,54.249999999999986,50.74999999999999,45.49999999999999,45.49999999999999,45.49999999999999,44.91666666666666,38.5,38.5,37.33333333333333,45.49999999999999,50.16666666666666,42.58333333333332,38.499999999999986,41.41666666666666,45.49999999999999,0.8560000000000001,0.8560000000000001,0.8560000000000001,0.8560000000000001,0.8560000000000001,0.8560000000000001,0.8560000000000001,0.8325,0.8325,0.657,0.657,0.657,0.8325,0.8325,0.657,0.657,0.657,0.8325,0.8325,0.657,0.657,0.6350000000000001,0.6350000000000001,0.7460000000000001,0.924,0.924,0.924,0.924,0.924,0.924,0.924,1.035,1.035,1.123,1.123,1.123,1.035,1.035,1.123,1.123,1.123,1.035,1.035,1.123,1.123,1.035,1.035,0.924
2023-01-10,45.49999999999999,45.49999999999999,45.49999999999999,45.49999999999999,45.49999999999999,45.49999999999999,45.49999999999999,43.16666666666666,36.74999999999999,51.91666666666666,52.5,50.16666666666666,45.49999999999999,45.49999999999999,46.08333333333332,47.83333333333332,51.625,47.25,49.58333333333333,48.41666666666666,45.49999999999999,37.33333333333333,40.83333333333332,45.49999999999999,13.0,13.0,13.0,13.0,13.0,13.0,13.0,13.0,11.0,13.0,14.0,14.0,13.0,13.0,13.0,14.0,13.0,14.0,13.0,14.0,13.0,13.0,12.0,13.0,7.999999999999999,7.999999999999999,7.999999999999999,7.999999999999999,7.999999999999999,7.999999999999999,7.999999999999999,7.666666666666666,6.749999999999999,8.916666666666666,9.0,8.666666666666668,8.0,8.0,8.083333333333334,8.249999999999998,8.5,8.249999999999998,8.583333333333332,8.416666666666666,7.999999999999999,6.833333333333334,7.333333333333333,8.0,45.49999999999999,45.49999999999999,45.49999999999999,45.49999999999999,45.49999999999999,45.49999999999999,45.49999999999999,43.16666666666666,36.74999999999999,51.916666666666664,52.5,50.166666666666664,45.49999999999999,45.49999999999999,46.08333333333333,47.83333333333332,51.62499999999999,47.24999999999999,49.58333333333332,48.41666666666666,45.49999999999999,37.33333333333333,40.83333333333333,45.49999999999999,0.8560000000000001,0.8560000000000001,0.8560000000000001,0.8560000000000001,0.8560000000000001,0.8560000000000001,0.8560000000000001,0.8325,0.8325,0.657,0.657,0.657,0.8325,0.8325,0.657,0.657,0.657,0.8325,0.8325,0.657,0.657,0.6350000000000001,0.6350000000000001,0.7460000000000001,0.924,0.924,0.924,0.924,0.924,0.924,0.924,1.035,1.035,1.123,1.123,1.123,1.035,1.035,1.123,1.123,1.123,1.035,1.035,1.123,1.123,1.035,1.035,0.924
2023-01-11,45.49999999999999,45.49999999999999,45.49999999999999,45.49999999999999,45.49999999999999,45.49999999999999,45.49999999999999,45.49999999999999,42.58333333333333,54.83333333333333,66.49999999999999,61.25,66.5,62.41666666666666,59.5,59.5,65.33333333333331,67.08333333333331,59.49999999999999,71.75,70.0,69.99999999999999,73.49999999999999,73.49999999999999,13.0,13.0,13.0,13.0,13.0,13.0,13.0,13.0,12.0,13.0,16.0,16.0,16.0,16.0,15.0,15.0,15.0,16.0,17.0,15.0,18.0,17.0,17.0,17.0,8.0,8.0,8.0,8.0,8.0,8.0,8.0,8.0,7.583333333333332,9.333333333333332,11.0,10.25,11.0,10.416666666666666,10.0,10.0,10.833333333333332,11.083333333333332,10.0,11.749999999999996,11.5,11.5,12.0,12.0,45.49999999999999,45.49999999999999,45.49999999999999,45.49999999999999,45.49999999999999,45.49999999999999,45.49999999999999,45.49999999999999,42.58333333333333,54.83333333333332,66.5,61.249999999999986,66.5,62.41666666666666,59.499999999999986,59.499999999999986,65.33333333333333,67.08333333333333,59.49999999999999,71.74999999999999,69.99999999999999,69.99999999999999,73.49999999999999,73.49999999999999,0.8560000000000001,0.8560000000000001,0.8560000000000001,0.8560000000000001,0.8560000000000001,0.8560000000000001,0.8560000000000001,0.8325,0.8325,0.657,0.657,0.657,0.8325,0.8325,0.657,0.657,0.657,0.8325,0.8325,0.657,0.657,0.6350000000000001,0.6350000000000001,0.7460000000000001,0.924,0.924,0.924,0.924,0.924,0.924,0.924,1.035,1.035,1.123,1.123,1.123,1.035,1.035,1.123,1.123,1.123,1.035,1.035,1.123,1.123,1.035,1.035,0.924
2023-01-12,68.25,71.74999999999999,73.49999999999999,73.49999999999999,73.49999999999999,67.66666666666667,66.5,65.91666666666667,60.66666666666666,66.5,69.99999999999999,71.16666666666666,66.5,64.16666666666666,58.91666666666666,54.25,51.33333333333333,48.41666666666666,45.49999999999999,49.58333333333333,52.5,50.74999999999999,38.79166666666666,38.5,17.0,16.0,17.0,17.0,17.0,17.0,16.0,16.0,14.0,16.0,16.0,17.0,16.0,16.0,15.0,15.0,14.0,13.0,13.0,13.0,14.0,14.0,14.0,12.0,11.249999999999998,11.75,12.0,12.0,12.0,11.166666666666664,10.999999999999998,10.916666666666664,10.166666666666668,11.0,11.5,11.666666666666666,11.0,10.666666666666666,9.833333333333332,9.25,8.833333333333332,8.416666666666666,7.999999999999999,8.583333333333332,9.0,8.75,6.916666666666667,7.0,68.24999999999999,71.74999999999999,73.49999999999999,73.49999999999999,73.49999999999999,67.66666666666666,66.5,65.91666666666666,60.66666666666666,66.5,69.99999999999999,71.16666666666666,66.5,64.16666666666666,58.916666666666664,54.24999999999999,51.33333333333332,48.41666666666666,45.49999999999999,49.58333333333332,52.499999999999986,50.74999999999999,38.791666666666664,38.5,0.8560000000000001,0.8560000000000001,0.8560000000000001,0.8560000000000001,0.8560000000000001,0.8560000000000001,0.8560000000000001,0.8325,0.8325,0.657,0.657,0.657,0.8325,0.8325,0.657,0.657,0.657,0.8325,0.8325,0.657,0.657,0.6350000000000001,0.6350000000000001,0.7460000000000001,0.924,0.924,0.924,0.924,0.924,0.924,0.924,1.035,1.035,1.123,1.123,1.123,1.035,1.035,1.123,1.123,1.123,1.035,1.035,1.123,1.123,1.035,1.035,0.924
2023-01-13,38.5,38.5,38.5,35.58333333333333,35.0,35.0,35.0,35.0,50.16666666666666,61.83333333333332,67.375,66.5,66.5,66.5,64.16666666666666,59.49999999999999,58.91666666666666,56.0,48.41666666666666,48.99999999999999,34.416666666666664,40.24999999999999,61.833333333333336,70.0,12.0,12.0,12.0,12.0,11.0,11.0,11.0,11.0,12.0,14.0,15.0,15.0,15.0,15.0,15.0,14.0,14.0,14.0,14.0,13.0,11.0,11.0,14.0,16.0,7.0,7.0,7.0,6.166666666666666,5.999999999999999,5.999999999999999,5.999999999999999,5.999999999999999,8.166666666666666,9.833333333333332,10.5,10.0,10.0,10.0,9.666666666666668,9.0,8.999999999999998,9.0,7.916666666666665,7.999999999999998,5.916666666666665,6.749999999999998,9.83333333333333,10.999999999999996,38.5,38.5,38.5,35.58333333333333,34.99999999999999,34.99999999999999,34.99999999999999,34.99999999999999,50.16666666666666,61.83333333333332,67.375,66.5,66.5,66.5,64.16666666666666,59.499999999999986,58.91666666666666,55.99999999999999,48.41666666666666,48.999999999999986,34.41666666666666,40.24999999999999,61.83333333333333,69.99999999999999,0.8560000000000001,0.8560000000000001,0.8560000000000001,0.8560000000000001,0.8560000000000001,0.8560000000000001,0.8560000000000001,0.8325,0.8325,0.657,0.657,0.657,0.8325,0.8325,0.657,0.657,0.657,0.8325,0.8325,0.657,0.657,0.6350000000000001,0.6350000000000001,0.7460000000000001,0.924,0.924,0.924,0.924,0.924,0.924,0.924,1.035,1.035,1.123,1.123,1.123,1.035,1.035,1.123,1.123,1.123,1.035,1.035,1.123,1.123,1.035,1.035,0.924
2023-01-14,70.0,70.0,70.0,70.0,70.0,67.66666666666667,63.0,59.50000000000001,52.5,44.91666666666666,42.58333333333332,43.45833333333333,41.12499999999998,38.20833333333332,36.75,21.0,29.458333333333325,36.75,45.5,39.66666666666666,38.5,38.5,39.08333333333333,45.49999999999999,16.0,16.0,16.0,16.0,16.0,16.0,15.0,15.0,13.0,12.0,11.0,11.0,11.0,12.0,12.0,9.0,10.0,10.0,13.0,13.0,12.0,12.0,12.0,13.0,10.999999999999996,10.999999999999996,10.999999999999996,10.999999999999996,10.999999999999996,10.666666666666664,9.999999999999996,8.999999999999996,7.499999999999999,6.416666666666666,6.083333333333332,6.499999999999998,6.499999999999998,6.583333333333332,6.75,3.999999999999998,5.166666666666664,6.249999999999998,8.0,7.166666666666666,7.0,7.0,7.083333333333334,8.0,69.99999999999999,69.99999999999999,69.99999999999999,69.99999999999999,69.99999999999999,67.66666666666666,63.0,59.5,52.49999999999999,44.91666666666666,42.58333333333332,43.45833333333333,41.12499999999999,38.20833333333333,36.75,20.999999999999993,29.45833333333333,36.75,45.49999999999999,39.666666666666664,38.5,38.5,39.08333333333333,45.49999999999999,0.8560000000000001,0.8560000000000001,0.8560000000000001,0.8560000000000001,0.8560000000000001,0.8560000000000001,0.8560000000000001,0.8325,0.8325,0.657,0.657,0.657,0.8325,0.8325,0.657,0.657,0.657,0.8325,0.8325,0.657,0.657,0.6350000000000001,0.6350000000000001,0.6350000000000001,0.924,0.924,0.924,0.924,0.924,0.924,0.924,1.035,1.035,1.123,1.123,1.123,1.035,1.035,1.123,1.123,1.123,1.035,1.035,1.123,1.123,1.035,1.035,1.035
2023-01-15,45.49999999999999,45.49999999999999,45.49999999999999,45.49999999999999,45.49999999999999,45.49999999999999,45.49999999999999,45.49999999999999,40.25,38.5,40.25,44.91666666666666,40.25,45.49999999999999,37.04166666666666,31.5,32.95833333333333,35.58333333333333,41.99999999999999,42.0,42.0,48.99999999999999,40.83333333333333,40.25,13.0,13.0,13.0,13.0,13.0,13.0,13.0,13.0,12.0,12.0,12.0,13.0,12.0,13.0,12.0,10.0,10.0,11.0,12.0,12.0,12.0,13.0,12.0,11.0,8.0,8.0,8.0,8.0,8.0,8.0,8.0,8.0,7.25,7.0,7.25,7.916666666666666,7.25,8.0,5.916666666666665,4.999999999999999,5.416666666666666,6.083333333333333,6.999999999999998,6.999999999999998,6.999999999999998,7.999999999999998,6.833333333333331,6.749999999999998,45.49999999999999,45.49999999999999,45.49999999999999,45.49999999999999,45.49999999999999,45.49999999999999,45.49999999999999,45.49999999999999,40.24999999999999,38.5,40.24999999999999,44.91666666666666,40.24999999999999,45.49999999999999,37.04166666666666,31.5,32.95833333333333,35.58333333333333,42.0,42.0,42.0,48.999999999999986,40.83333333333332,40.25,0.8560000000000001,0.8560000000000001,0.8560000000000001,0.8560000000000001,0.8560000000000001,0.8560000000000001,0.8560000000000001,0.8325,0.8325,0.657,0.657,0.657,0.8325,0.8325,0.657,0.657,0.657,0.8325,0.8325,0.657,0.657,0.6350000000000001,0.6350000000000001,0.7460000000000001,0.924,0.924,0.924,0.924,0.924,0.924,0.924,1.035,1.035,1.123,1.123,1.123,1.035,1.035,1.123,1.123,1.123,1.035,1.035,1.123,1.123,1.035,1.035,0.924
2023-01-16,42.0,42.0,42.0,42.0,42.0,42.0,42.0,41.41666666666666,42.58333333333333,47.83333333333333,47.83333333333333,44.33333333333333,42.0,42.0,37.91666666666666,28.0,28.0,28.0,24.5,22.75,21.0,26.54166666666666,28.58333333333333,31.5,12.0,12.0,12.0,12.0,12.0,12.0,12.0,12.0,10.0,12.0,13.0,12.0,12.0,12.0,12.0,10.0,10.0,10.0,10.0,10.0,9.0,9.0,9.0,10.0,6.999999999999998,6.999999999999998,6.999999999999998,6.999999999999998,6.999999999999998,6.999999999999998,6.999999999999998,6.916666666666665,7.083333333333332,7.833333333333332,7.833333333333331,7.333333333333332,6.999999999999998,6.999999999999998,6.416666666666664,4.999999999999997,4.999999999999997,4.999999999999997,4.499999999999997,4.249999999999997,3.999999999999998,4.749999999999998,4.583333333333333,4.999999999999999,42.0,42.0,42.0,42.0,42.0,42.0,42.0,41.416666666666664,42.58333333333333,47.83333333333332,47.83333333333332,44.33333333333332,41.999999999999986,41.999999999999986,37.91666666666666,27.999999999999996,27.999999999999996,27.999999999999996,24.499999999999996,22.749999999999996,20.999999999999993,26.541666666666664,28.583333333333332,31.5,0.8560000000000001,0.8560000000000001,0.8560000000000001,0.8560000000000001,0.8560000000000001,0.8560000000000001,0.8560000000000001,0.8325,0.8325,0.657,0.657,0.657,0.8325,0.8325,0.657,0.657,0.657,0.8325,0.8325,0.657,0.657,0.6350000000000001,0.6350000000000001,0.7460000000000001,0.924,0.924,0.924,0.924,0.924,0.924,0.924,1.035,1.035,1.123,1.123,1.123,1.035,1.035,1.123,1.123,1.123,1.035,1.035,1.123,1.123,1.035,1.035,0.924
2023-01-17,31.5,31.5,31.5,31.5,31.5,31.5,31.5,31.5,39.08333333333333,55.41666666666666,61.83333333333333,66.5,66.5,62.99999999999999,59.49999999999999,43.16666666666667,38.5,38.5,35.58333333333333,37.91666666666666,29.45833333333333,22.75,28.0,28.0,10.0,10.0,10.0,10.0,10.0,10.0,10.0,10.0,10.0,12.0,14.0,15.0,15.0,15.0,14.0,12.0,11.0,11.0,11.0,11.0,10.0,9.0,9.0,9.0,4.999999999999999,4.999999999999999,4.999999999999999,4.999999999999999,4.999999999999999,4.999999999999999,4.999999999999999,4.999999999999999,6.083333333333332,8.416666666666664,9.333333333333332,10.0,10.0,9.5,9.0,6.666666666666666,5.999999999999998,5.999999999999998,5.583333333333332,5.916666666666665,4.416666666666666,3.2500000000000004,4.0,4.0,31.5,31.5,31.5,31.5,31.5,31.5,31.5,31.5,39.08333333333333,55.41666666666666,61.83333333333332,66.5,66.5,62.999999999999986,59.499999999999986,43.16666666666666,38.5,38.5,35.58333333333333,37.91666666666666,29.458333333333332,22.749999999999996,27.999999999999996,27.999999999999996,0.8560000000000001,0.8560000000000001,0.8560000000000001,0.8560000000000001,0.8560000000000001,0.8560000000000001,0.8560000000000001,0.8325,0.8325,0.657,0.657,0.657,0.8325,0.8325,0.657,0.657,0.657,0.8325,0.8325,0.657,0.657,0.6350000000000001,0.6350000000000001,0.7460000000000001,0.924,0.924,0.924,0.924,0.924,0.924,0.924,1.035,1.035,1.123,1.123,1.123,1.035,1.035,1.123,1.123,1.123,1.035,1.035,1.123,1.123,1.035,1.035,0.924
2023-01-18,28.0,33.249999999999986,34.999999999999986,34.999999999999986,34.999999999999986,34.999999999999986,34.999999999999986,34.999999999999986,31.5,39.66666666666667,38.5,41.99999999999999,41.99999999999999,41.99999999999999,42.58333333333332,45.49999999999999,48.41666666666666,42.58333333333333,51.91666666666666,51.333333333333314,33.83333333333333,38.20833333333333,39.66666666666666,49.0,9.0,9.0,10.0,10.0,10.0,10.0,10.0,10.0,9.0,11.0,10.0,11.0,11.0,11.0,11.0,12.0,12.0,12.0,12.0,14.0,12.0,12.0,11.0,13.0,4.0,4.75,5.0,5.0,5.0,5.0,5.0,5.0,4.5,5.666666666666666,5.499999999999999,5.999999999999999,5.999999999999999,5.999999999999999,6.166666666666666,6.999999999999998,7.416666666666663,6.583333333333332,8.333333333333332,8.833333333333334,6.333333333333333,6.916666666666666,6.666666666666665,7.999999999999999,27.999999999999996,33.24999999999999,34.99999999999999,34.99999999999999,34.99999999999999,34.99999999999999,34.99999999999999,34.99999999999999,31.499999999999996,39.666666666666664,38.49999999999999,41.999999999999986,41.999999999999986,41.999999999999986,42.58333333333332,45.49999999999999,48.41666666666666,42.58333333333333,51.91666666666666,51.33333333333332,33.83333333333333,38.20833333333333,39.66666666666666,49.0,0.8560000000000001,0.8560000000000001,0.8560000000000001,0.8560000000000001,0.8560000000000001,0.8560000000000001,0.8560000000000001,0.8325,0.8325,0.657,0.657,0.657,0.8325,0.8325,0.657,0.657,0.657,0.8325,0.8325,0.657,0.657,0.6350000000000001,0.6350000000000001,0.7460000000000001,0.924,0.924,0.924,0.924,0.924,0.924,0.924,1.035,1.035,1.123,1.123,1.123,1.035,1.035,1.123,1.123,1.123,1.035,1.035,1.123,1.123,1.035,1.035,0.924
2023-01-19,44.91666666666666,41.99999999999999,41.99999999999999,41.99999999999999,41.99999999999999,41.99999999999999,41.99999999999999,40.83333333333332,32.08333333333333,35.0,35.0,40.83333333333333,36.75,34.41666666666666,28.0,27.416666666666664,37.33333333333333,38.5,39.37499999999999,33.24999999999999,52.79166666666666,37.625,45.5,39.375,13.0,12.0,12.0,12.0,12.0,12.0,12.0,12.0,11.0,11.0,11.0,11.0,12.0,11.0,10.0,10.0,14.0,12.0,16.0,8.0,17.0,9.0,12.0,14.0,7.416666666666666,6.999999999999999,6.999999999999999,6.999999999999999,6.999999999999999,6.999999999999999,6.999999999999999,6.833333333333331,5.583333333333332,5.999999999999998,5.999999999999998,6.833333333333332,6.249999999999998,5.916666666666666,4.999999999999999,4.583333333333332,6.583333333333333,6.749999999999998,6.916666666666666,5.833333333333332,8.75,6.666666666666666,7.916666666666665,7.0,44.91666666666666,41.999999999999986,41.999999999999986,41.999999999999986,41.999999999999986,41.999999999999986,41.999999999999986,40.83333333333332,32.08333333333333,34.99999999999999,34.99999999999999,40.83333333333333,36.74999999999999,34.41666666666666,27.999999999999996,27.416666666666664,37.33333333333333,38.49999999999999,39.37499999999999,33.24999999999999,52.791666666666664,37.625,45.5,39.375,0.8560000000000001,0.8560000000000001,0.8560000000000001,0.8560000000000001,0.8560000000000001,0.8560000000000001,0.8560000000000001,0.8325,0.8325,0.657,0.657,0.657,0.8325,0.8325,0.657,0.657,0.657,0.8325,0.8325,0.657,0.657,0.657,0.6350000000000001,0.7460000000000001,0.924,0.924,0.924,0.924,0.924,0.924,0.924,1.035,1.035,1.123,1.123,1.123,1.035,1.035,1.123,1.123,1.123,1.035,1.035,1.123,1.123,1.123,1.035,0.924
2023-01-20,31.5,31.5,31.5,31.5,31.5,31.5,31.5,31.5,36.74999999999999,38.49999999999999,44.33333333333333,42.87499999999999,37.62499999999999,40.83333333333333,29.166666666666657,29.75,26.833333333333325,36.74999999999999,40.25,33.25,30.625,31.5,31.5,31.5,11.0,11.0,11.0,11.0,11.0,11.0,11.0,11.0,11.0,12.0,14.0,14.0,12.0,11.0,11.0,10.0,10.0,10.0,13.0,12.0,11.0,11.0,11.0,11.0,6.0,6.0,6.0,6.0,6.0,6.0,6.0,6.0,6.749999999999998,6.999999999999998,7.416666666666663,7.249999999999998,6.416666666666664,7.249999999999998,5.33333333333333,5.166666666666664,4.583333333333331,6.333333333333331,7.249999999999999,6.25,5.75,6.0,6.0,6.0,31.5,31.5,31.5,31.5,31.5,31.5,31.5,31.5,36.749999999999986,38.499999999999986,44.33333333333332,42.87499999999999,37.624999999999986,40.83333333333332,29.16666666666666,29.749999999999993,26.83333333333333,36.74999999999999,40.24999999999999,33.25,30.625,31.5,31.5,31.5,0.8560000000000001,0.8560000000000001,0.8560000000000001,0.8560000000000001,0.8560000000000001,0.8560000000000001,0.8560000000000001,0.8325,0.8325,0.657,0.657,0.657,0.8325,0.8325,0.657,0.657,0.657,0.8325,0.8325,0.657,0.657,0.6350000000000001,0.6350000000000001,0.7460000000000001,0.924,0.924,0.924,0.924,0.924,0.924,0.924,1.035,1.035,1.123,1.123,1.123,1.035,1.035,1.123,1.123,1.123,1.035,1.035,1.123,1.123,1.035,1.035,0.924
2023-01-21,31.5,31.5,25.666666666666657,24.5,28.58333333333333,31.5,31.5,31.5,31.20833333333333,30.041666666666664,31.5,31.5,31.5,31.5,25.666666666666657,24.5,24.5,30.916666666666664,31.5,31.5,31.5,35.58333333333333,38.5,38.5,11.0,11.0,11.0,10.0,10.0,11.0,11.0,11.0,11.0,10.0,11.0,11.0,11.0,11.0,11.0,10.0,10.0,10.0,11.0,11.0,11.0,11.0,12.0,12.0,6.0,6.0,5.166666666666666,4.999999999999999,5.583333333333333,6.0,6.0,6.0,5.916666666666666,5.583333333333333,6.0,6.0,6.0,6.0,5.166666666666666,4.999999999999999,4.999999999999999,5.916666666666666,6.0,6.0,6.0,6.583333333333334,7.0,7.0,31.5,31.5,25.66666666666666,24.499999999999993,28.58333333333333,31.5,31.5,31.5,31.208333333333332,30.041666666666664,31.5,31.5,31.5,31.5,25.66666666666666,24.499999999999993,24.499999999999993,30.916666666666664,31.5,31.5,31.5,35.58333333333333,38.5,38.5,0.8560000000000001,0.8560000000000001,0.8560000000000001,0.8560000000000001,0.8560000000000001,0.8560000000000001,0.8560000000000001,0.8325,0.8325,0.657,0.657,0.657,0.8325,0.8325,0.657,0.657,0.657,0.8325,0.8325,0.657,0.657,0.6350000000000001,0.6350000000000001,0.7460000000000001,0.924,0.924,0.924,0.924,0.924,0.924,0.924,1.035,1.035,1.123,1.123,1.123,1.035,1.035,1.123,1.123,1.123,1.035,1.035,1.123,1.123,1.035,1.035,0.924
2023-01-22,48.41666666666666,35.0,35.0,35.0,35.0,35.0,35.0,35.0,33.541666666666664,31.5,31.5,38.49999999999999,34.41666666666666,31.5,31.5,31.5,31.5,26.25,24.5,24.5,24.5,24.5,24.5,25.08333333333333,12.0,9.0,9.0,9.0,9.0,9.0,9.0,9.0,9.0,8.0,8.0,9.0,9.0,8.0,8.0,8.0,8.0,8.0,7.0,7.0,7.0,7.0,7.0,7.0,8.0,5.999999999999999,5.999999999999999,5.999999999999999,5.999999999999999,5.999999999999999,5.999999999999999,5.999999999999999,5.583333333333332,4.999999999999999,4.999999999999999,5.999999999999999,5.416666666666665,4.999999999999999,4.999999999999999,4.999999999999999,4.999999999999999,4.249999999999999,4.0,4.0,4.0,4.0,4.0,4.083333333333332,48.416666666666664,34.99999999999999,34.99999999999999,34.99999999999999,34.99999999999999,34.99999999999999,34.99999999999999,34.99999999999999,33.541666666666664,31.5,31.5,38.49999999999999,34.416666666666664,31.5,31.5,31.5,31.5,26.25,24.5,24.5,24.5,24.5,24.5,25.083333333333332,0.8560000000000001,0.8560000000000001,0.8560000000000001,0.8560000000000001,0.8560000000000001,0.8560000000000001,0.8560000000000001,0.8560000000000001,0.8325,0.8325,0.657,0.657,0.8325,0.8325,0.8325,0.657,0.657,0.8325,0.8325,0.8325,0.657,0.657,0.6350000000000001,0.6350000000000001,0.924,0.924,0.924,0.924,0.924,0.924,0.924,0.924,1.035,1.035,1.123,1.123,1.035,1.035,1.035,1.123,1.123,1.035,1.035,1.035,1.123,1.123,1.035,1.035
2023-01-23,31.5,31.5,31.5,31.5,31.5,31.5,31.5,31.5,34.416666666666664,35.0,33.83333333333333,14.874999999999996,10.499999999999996,10.791666666666664,13.999999999999996,13.999999999999996,16.041666666666664,17.499999999999996,17.499999999999996,17.499999999999996,17.499999999999996,17.499999999999996,17.499999999999996,17.499999999999996,8.0,8.0,8.0,8.0,8.0,8.0,8.0,8.0,8.0,9.0,9.0,7.0,5.0,5.0,6.0,6.0,6.0,7.0,7.0,7.0,7.0,7.0,7.0,7.0,4.999999999999999,4.999999999999999,4.999999999999999,4.999999999999999,4.999999999999999,4.999999999999999,4.999999999999999,4.999999999999999,5.833333333333332,5.999999999999999,5.833333333333332,3.083333333333332,1.999999999999999,2.083333333333332,2.9999999999999982,2.9999999999999982,3.5833333333333326,4.0,4.0,4.0,4.0,4.0,4.0,4.0,31.5,31.5,31.5,31.5,31.5,31.5,31.5,31.5,34.41666666666666,34.99999999999999,33.83333333333333,14.874999999999996,10.499999999999996,10.791666666666664,13.999999999999996,13.999999999999996,16.041666666666664,17.499999999999996,17.499999999999996,17.499999999999996,17.499999999999996,17.499999999999996,17.499999999999996,17.499999999999996,0.7460000000000001,0.8560000000000001,0.8560000000000001,0.8560000000000001,0.8560000000000001,0.8560000000000001,0.8560000000000001,0.8560000000000001,0.8325,0.8325,0.657,0.657,0.8325,0.8325,0.8325,0.657,0.657,0.8325,0.8325,0.8325,0.657,0.657,0.6350000000000001,0.6350000000000001,0.924,0.924,0.924,0.924,0.924,0.924,0.924,0.924,1.035,1.035,1.123,1.123,1.035,1.035,1.035,1.123,1.123,1.035,1.035,1.035,1.123,1.123,1.035,1.035
2023-01-24,17.499999999999996,13.999999999999996,13.999999999999996,13.999999999999996,13.999999999999996,13.999999999999996,13.999999999999996,13.999999999999996,13.999999999999996,13.999999999999996,13.416666666666664,10.791666666666664,16.041666666666664,17.499999999999996,19.541666666666664,18.95833333333333,23.33333333333333,24.5,24.5,26.83333333333333,24.5,24.5,24.5,24.5,7.0,6.0,6.0,6.0,6.0,6.0,6.0,6.0,6.0,6.0,6.0,5.0,6.0,7.0,7.0,7.0,6.0,7.0,7.0,7.0,7.0,7.0,7.0,7.0,4.0,2.9999999999999982,2.9999999999999982,2.9999999999999982,2.9999999999999982,2.9999999999999982,2.9999999999999982,2.9999999999999982,2.9999999999999982,2.9999999999999982,2.833333333333332,2.083333333333332,3.5833333333333326,4.0,4.249999999999999,3.416666666666665,3.8333333333333326,4.0,4.0,4.333333333333332,4.0,4.0,4.0,4.0,17.499999999999996,13.999999999999996,13.999999999999996,13.999999999999996,13.999999999999996,13.999999999999996,13.999999999999996,13.999999999999996,13.999999999999996,13.999999999999996,13.416666666666664,10.791666666666664,16.041666666666664,17.499999999999996,19.54166666666666,18.95833333333333,23.333333333333332,24.5,24.5,26.833333333333332,24.5,24.5,24.5,24.5,0.7460000000000001,0.8560000000000001,0.8560000000000001,0.8560000000000001,0.8560000000000001,0.8560000000000001,0.8560000000000001,0.8560000000000001,0.8325,0.8325,0.657,0.657,0.8325,0.8325,0.8325,0.657,0.657,0.8325,0.8325,0.8325,0.657,0.657,0.6350000000000001,0.6350000000000001,0.924,0.924,0.924,0.924,0.924,0.924,0.924,0.924,1.035,1.035,1.123,1.123,1.035,1.035,1.035,1.123,1.123,1.035,1.035,1.035,1.123,1.123,1.035,1.035
2023-01-25,24.5,24.5,24.5,24.5,24.5,24.5,24.5,24.5,24.5,24.5,28.58333333333333,31.5,30.33333333333333,17.499999999999996,17.499999999999996,17.499999999999996,17.499999999999996,20.70833333333333,24.5,29.166666666666664,33.83333333333333,38.5,38.5,38.5,7.0,7.0,7.0,7.0,7.0,7.0,7.0,7.0,7.0,7.0,7.0,8.0,8.0,6.0,6.0,6.0,6.0,6.0,8.0,8.0,9.0,10.0,10.0,10.0,4.0,4.0,4.0,4.0,4.0,4.0,4.0,4.0,4.0,4.0,4.583333333333333,4.999999999999999,4.833333333333333,2.9999999999999982,2.9999999999999982,2.9999999999999982,2.9999999999999982,3.916666666666664,4.999999999999999,5.666666666666666,6.333333333333334,7.0,7.0,7.0,24.5,24.5,24.5,24.5,24.5,24.5,24.5,24.5,24.5,24.5,28.583333333333332,31.5,30.333333333333332,17.499999999999993,17.499999999999993,17.499999999999993,17.499999999999993,20.70833333333333,24.499999999999993,29.166666666666664,33.83333333333333,38.5,38.5,38.5,0.7460000000000001,0.8560000000000001,0.8560000000000001,0.8560000000000001,0.8560000000000001,0.8560000000000001,0.8560000000000001,0.8560000000000001,0.8325,0.8325,0.657,0.657,0.8325,0.8325,0.8325,0.657,0.657,0.8325,0.8325,0.8325,0.657,0.657,0.6350000000000001,0.6350000000000001,0.924,0.924,0.924,0.924,0.924,0.924,0.924,0.924,1.035,1.035,1.123,1.123,1.035,1.035,1.035,1.123,1.123,1.035,1.035,1.035,1.123,1.123,1.035,1.035
2023-01-26,37.33333333333333,31.5,31.5,31.5,31.5,31.5,37.33333333333333,37.62499999999999,23.916666666666657,25.375,24.5,24.5,22.166666666666668,21.58333333333333,27.70833333333333,24.5,24.5,28.0,36.16666666666666,32.95833333333333,28.0,33.25,35.0,35.0,10.0,9.0,9.0,9.0,9.0,9.0,9.0,10.0,8.0,7.0,7.0,7.0,7.0,6.0,7.0,7.0,7.0,7.0,10.0,10.0,8.0,8.0,9.0,9.0,6.833333333333334,6.0,6.0,6.0,6.0,6.0,6.833333333333334,6.833333333333334,4.416666666666665,4.583333333333332,4.0,4.0,3.333333333333333,3.083333333333333,4.0,4.0,4.0,5.0,6.666666666666667,6.166666666666666,4.999999999999999,5.749999999999999,5.999999999999999,5.999999999999999,37.33333333333333,31.5,31.5,31.5,31.5,31.5,37.33333333333333,37.625,23.91666666666666,25.374999999999996,24.5,24.5,22.166666666666664,21.58333333333333,27.70833333333333,24.5,24.5,27.999999999999996,36.166666666666664,32.95833333333333,27.999999999999996,33.24999999999999,34.99999999999999,34.99999999999999,0.7460000000000001,0.8560000000000001,0.8560000000000001,0.8560000000000001,0.8560000000000001,0.8560000000000001,0.8560000000000001,0.8560000000000001,0.8325,0.8325,0.657,0.657,0.8325,0.8325,0.8325,0.657,0.657,0.8325,0.8325,0.8325,0.657,0.657,0.6350000000000001,0.6350000000000001,0.924,0.924,0.924,0.924,0.924,0.924,0.924,0.924,1.035,1.035,1.123,1.123,1.035,1.035,1.035,1.123,1.123,1.035,1.035,1.035,1.123,1.123,1.035,1.035
2023-01-27,35.0,35.0,37.33333333333332,41.99999999999999,41.99999999999999,41.99999999999999,41.99999999999999,41.99999999999999,41.99999999999999,41.99999999999999,48.41666666666666,36.75,27.416666666666664,28.0,28.0,33.25,35.0,35.0,35.0,35.0,35.0,35.0,35.0,35.0,9.0,9.0,9.0,10.0,10.0,10.0,10.0,10.0,10.0,10.0,11.0,10.0,8.0,8.0,8.0,8.0,9.0,9.0,9.0,9.0,9.0,9.0,9.0,9.0,5.999999999999999,5.999999999999999,6.333333333333332,6.999999999999999,6.999999999999999,6.999999999999999,6.999999999999999,6.999999999999999,6.999999999999999,6.999999999999999,7.916666666666666,6.249999999999999,4.833333333333332,4.999999999999999,4.999999999999999,5.749999999999999,5.999999999999999,5.999999999999999,5.999999999999999,5.999999999999999,5.999999999999999,5.999999999999999,5.999999999999999,5.999999999999999,34.99999999999999,34.99999999999999,37.33333333333333,41.999999999999986,41.999999999999986,41.999999999999986,41.999999999999986,41.999999999999986,41.999999999999986,41.999999999999986,48.416666666666664,36.74999999999999,27.416666666666664,27.999999999999996,27.999999999999996,33.24999999999999,34.99999999999999,34.99999999999999,34.99999999999999,34.99999999999999,34.99999999999999,34.99999999999999,34.99999999999999,34.99999999999999,0.7460000000000001,0.8560000000000001,0.8560000000000001,0.8560000000000001,0.8560000000000001,0.8560000000000001,0.8560000000000001,0.8560000000000001,0.8325,0.8325,0.657,0.657,0.8325,0.8325,0.8325,0.657,0.657,0.8325,0.8325,0.8325,0.657,0.657,0.6350000000000001,0.6350000000000001,0.924,0.924,0.924,0.924,0.924,0.924,0.924,0.924,1.035,1.035,1.123,1.123,1.035,1.035,1.035,1.123,1.123,1.035,1.035,1.035,1.123,1.123,1.035,1.035
2023-01-28,35.0,35.0,35.0,35.0,40.24999999999999,41.99999999999999,41.99999999999999,41.41666666666666,33.83333333333333,28.0,28.0,31.5,32.08333333333333,21.0,21.0,23.625,31.5,31.5,31.5,31.5,32.08333333333333,38.5,38.5,38.5,9.0,9.0,9.0,9.0,9.0,10.0,10.0,10.0,9.0,8.0,8.0,8.0,9.0,7.0,7.0,7.0,9.0,9.0,9.0,9.0,9.0,10.0,10.0,10.0,5.999999999999999,5.999999999999999,5.999999999999999,5.999999999999999,6.749999999999999,6.999999999999999,6.999999999999999,6.916666666666665,5.833333333333332,4.999999999999999,4.999999999999999,5.499999999999999,5.583333333333332,3.999999999999998,3.999999999999998,4.416666666666665,6.0,6.0,6.0,6.0,6.083333333333333,7.0,7.0,7.0,34.99999999999999,34.99999999999999,34.99999999999999,34.99999999999999,40.24999999999999,41.999999999999986,41.999999999999986,41.41666666666666,33.83333333333333,27.999999999999996,27.999999999999996,31.499999999999993,32.08333333333333,20.999999999999993,20.999999999999993,23.624999999999996,31.5,31.5,31.5,31.5,32.083333333333336,38.5,38.5,38.5,0.7460000000000001,0.8560000000000001,0.8560000000000001,0.8560000000000001,0.8560000000000001,0.8560000000000001,0.8560000000000001,0.8560000000000001,0.8325,0.8325,0.657,0.657,0.8325,0.8325,0.8325,0.657,0.657,0.8325,0.8325,0.8325,0.657,0.657,0.6350000000000001,0.6350000000000001,0.924,0.924,0.924,0.924,0.924,0.924,0.924,0.924,1.035,1.035,1.123,1.123,1.035,1.035,1.035,1.123,1.123,1.035,1.035,1.035,1.123,1.123,1.035,1.035
2023-01-29,38.5,38.5,38.5,38.5,38.5,38.5,38.5,38.5,30.625,29.45833333333333,31.5,31.5,28.0,29.75,28.0,28.0,30.33333333333333,26.25,33.83333333333333,43.74999999999999,45.49999999999999,45.49999999999999,45.49999999999999,45.49999999999999,10.0,10.0,10.0,10.0,10.0,10.0,10.0,10.0,10.0,8.0,9.0,9.0,9.0,9.0,8.0,8.0,9.0,8.0,9.0,10.0,11.0,11.0,11.0,11.0,7.0,7.0,7.0,7.0,7.0,7.0,7.0,7.0,5.499999999999999,5.416666666666666,6.0,6.0,5.5,5.5,4.999999999999999,4.999999999999999,5.833333333333333,5.249999999999999,6.333333333333334,7.75,8.0,8.0,8.0,8.0,38.5,38.5,38.5,38.5,38.5,38.5,38.5,38.5,30.624999999999996,29.458333333333332,31.5,31.5,27.999999999999996,29.75,27.999999999999996,27.999999999999996,30.333333333333332,26.249999999999993,33.83333333333333,43.74999999999999,45.49999999999999,45.49999999999999,45.49999999999999,45.49999999999999,0.7460000000000001,0.8560000000000001,0.8560000000000001,0.8560000000000001,0.8560000000000001,0.8560000000000001,0.8560000000000001,0.8560000000000001,0.8325,0.8325,0.657,0.657,0.8325,0.8325,0.8325,0.657,0.657,0.8325,0.8325,0.8325,0.657,0.657,0.6350000000000001,0.6350000000000001,0.924,0.924,0.924,0.924,0.924,0.924,0.924,0.924,1.035,1.035,1.123,1.123,1.035,1.035,1.035,1.123,1.123,1.035,1.035,1.035,1.123,1.123,1.035,1.035
2023-01-30,45.49999999999999,45.49999999999999,45.49999999999999,45.49999999999999,45.49999999999999,45.49999999999999,45.49999999999999,51.33333333333333,28.0,24.5,24.5,24.5,24.5,19.25,17.499999999999996,17.499999999999996,23.916666666666657,24.5,24.5,28.0,31.5,38.5,41.99999999999998,45.49999999999999,11.0,11.0,11.0,11.0,11.0,11.0,11.0,12.0,10.0,8.0,8.0,8.0,8.0,8.0,7.0,7.0,7.0,8.0,8.0,8.0,9.0,10.0,10.0,11.0,8.0,8.0,8.0,8.0,8.0,8.0,8.0,8.833333333333334,5.499999999999999,4.999999999999999,4.999999999999999,4.999999999999999,4.999999999999999,4.249999999999999,4.0,4.0,4.916666666666666,4.999999999999999,4.999999999999999,5.5,6.0,7.0,7.5,8.0,45.49999999999999,45.49999999999999,45.49999999999999,45.49999999999999,45.49999999999999,45.49999999999999,45.49999999999999,51.33333333333333,27.999999999999993,24.499999999999993,24.499999999999993,24.499999999999993,24.499999999999993,19.249999999999996,17.499999999999996,17.499999999999996,23.91666666666666,24.499999999999993,24.499999999999993,27.999999999999996,31.5,38.5,41.99999999999999,45.49999999999999,0.7460000000000001,0.8560000000000001,0.8560000000000001,0.8560000000000001,0.8560000000000001,0.8560000000000001,0.8560000000000001,0.8560000000000001,0.8325,0.8325,0.657,0.657,0.8325,0.8325,0.657,0.657,0.657,0.8325,0.8325,0.657,0.657,0.6350000000000001,0.6350000000000001,0.7460000000000001,0.924,0.924,0.924,0.924,0.924,0.924,0.924,0.924,1.035,1.035,1.123,1.123,1.035,1.035,1.123,1.123,1.123,1.035,1.035,1.123,1.123,1.035,1.035,0.924
2023-01-31,45.49999999999999,45.49999999999999,45.49999999999999,45.49999999999999,45.49999999999999,45.49999999999999,45.49999999999999,51.33333333333333,46.95833333333332,41.99999999999999,39.08333333333333,35.0,33.83333333333333,21.0,21.0,21.0,20.416666666666664,13.999999999999996,21.291666666666664,29.75,38.20833333333332,41.41666666666666,45.5,45.5,11.0,11.0,11.0,11.0,11.0,11.0,11.0,11.0,12.0,10.0,10.0,9.0,9.0,7.0,7.0,7.0,7.0,6.0,6.0,8.0,9.0,9.0,10.0,10.0,8.0,8.0,8.0,8.0,8.0,8.0,8.0,8.833333333333332,8.0,6.999999999999999,6.583333333333331,5.999999999999999,5.833333333333332,3.999999999999998,3.999999999999998,3.999999999999998,3.916666666666664,2.9999999999999982,3.916666666666665,5.249999999999999,5.999999999999999,6.416666666666665,6.999999999999999,6.999999999999999,45.49999999999999,45.49999999999999,45.49999999999999,45.49999999999999,45.49999999999999,45.49999999999999,45.49999999999999,51.33333333333333,46.95833333333333,41.999999999999986,39.08333333333332,34.99999999999999,33.83333333333333,20.999999999999993,20.999999999999993,20.999999999999993,20.41666666666666,13.999999999999996,21.29166666666666,29.749999999999996,38.20833333333332,41.41666666666666,45.5,45.5,0.8560000000000001,0.8560000000000001,0.8560000000000001,0.8560000000000001,0.8560000000000001,0.8560000000000001,0.8560000000000001,0.8325,0.8325,0.657,0.657,0.657,0.8325,0.8325,0.657,0.657,0.657,0.8325,0.8325,0.657,0.657,0.6350000000000001,0.6350000000000001,0.7460000000000001,0.924,0.924,0.924,0.924,0.924,0.924,0.924,1.035,1.035,1.123,1.123,1.123,1.035,1.035,1.123,1.123,1.123,1.035,1.035,1.123,1.123,1.035,1.035,0.924
2023-02-01,45.5,45.5,45.5,45.5,45.5,45.5,45.5,39.083333333333336,20.708333333333325,21.0,26.83333333333333,25.375,25.08333333333333,28.0,28.0,28.0,28.0,28.0,33.25,34.125,39.66666666666666,47.25,48.41666666666666,45.5,10.0,10.0,10.0,10.0,10.0,10.0,10.0,10.0,8.0,7.0,7.0,8.0,7.0,8.0,8.0,8.0,8.0,8.0,8.0,9.0,9.0,10.0,11.0,10.0,6.999999999999999,6.999999999999999,6.999999999999999,6.999999999999999,6.999999999999999,6.999999999999999,6.999999999999999,6.083333333333331,3.7499999999999982,3.999999999999998,4.833333333333332,4.249999999999999,4.166666666666666,4.999999999999999,4.999999999999999,4.999999999999999,4.999999999999999,4.999999999999999,5.749999999999999,5.749999999999999,6.166666666666665,7.499999999999999,7.916666666666666,7.499999999999998,45.5,45.5,45.5,45.5,45.5,45.5,45.5,39.08333333333333,20.70833333333333,20.999999999999993,26.83333333333333,25.374999999999996,25.083333333333332,27.999999999999996,27.999999999999996,27.999999999999996,27.999999999999996,27.999999999999996,33.24999999999999,34.12499999999999,39.66666666666666,47.25,48.416666666666664,45.49999999999999,0.7460000000000001,0.8560000000000001,0.8560000000000001,0.8560000000000001,0.8560000000000001,0.8560000000000001,0.8560000000000001,0.8325,0.8325,0.657,0.657,0.657,0.8325,0.8325,0.657,0.657,0.657,0.8325,0.8325,0.657,0.657,0.6350000000000001,0.6350000000000001,0.7460000000000001,0.924,0.924,0.924,0.924,0.924,0.924,0.924,1.035,1.035,1.123,1.123,1.123,1.035,1.035,1.123,1.123,1.123,1.035,1.035,1.123,1.123,1.035,1.035,0.924
2023-02-02,49.0,49.0,49.0,49.0,49.0,49.0,49.0,47.25,40.83333333333332,33.25,29.166666666666664,27.41666666666666,31.5,31.5,36.16666666666666,43.16666666666666,38.5,39.66666666666666,41.41666666666666,44.91666666666666,45.5,49.0,49.0,49.0,11.0,11.0,11.0,11.0,11.0,11.0,11.0,11.0,10.0,9.0,8.0,7.0,8.0,8.0,8.0,11.0,10.0,10.0,9.0,11.0,10.0,11.0,11.0,11.0,7.999999999999999,7.999999999999999,7.999999999999999,7.999999999999999,7.999999999999999,7.999999999999999,7.999999999999999,7.499999999999999,6.333333333333333,5.249999999999999,4.666666666666666,4.416666666666666,4.999999999999999,4.999999999999999,6.25,7.666666666666666,7.0,6.916666666666666,6.916666666666665,7.416666666666666,7.499999999999998,7.999999999999999,7.999999999999999,7.999999999999999,49.0,49.0,49.0,49.0,49.0,49.0,49.0,47.25,40.83333333333333,33.25,29.166666666666664,27.416666666666664,31.5,31.5,36.166666666666664,43.16666666666666,38.5,39.66666666666666,41.41666666666666,44.91666666666666,45.49999999999999,49.0,49.0,49.0,0.8560000000000001,0.8560000000000001,0.8560000000000001,0.8560000000000001,0.8560000000000001,0.8560000000000001,0.8560000000000001,0.8560000000000001,0.8325,0.657,0.657,0.657,0.8325,0.8325,0.657,0.657,0.657,0.8325,0.8325,0.657,0.657,0.6350000000000001,0.6350000000000001,0.6350000000000001,0.924,0.924,0.924,0.924,0.924,0.924,0.924,0.924,1.035,1.123,1.123,1.123,1.035,1.035,1.123,1.123,1.123,1.035,1.035,1.123,1.123,1.035,1.035,1.035
2023-02-03,49.0,49.0,49.0,49.0,49.0,49.0,49.0,49.0,38.5,29.166666666666664,24.5,24.5,24.5,24.5,24.5,24.5,25.08333333333333,37.33333333333332,43.75,41.99999999999999,42.0,53.083333333333336,53.66666666666667,52.50000000000001,11.0,11.0,11.0,11.0,11.0,11.0,11.0,11.0,11.0,8.0,7.0,7.0,7.0,7.0,7.0,7.0,7.0,8.0,9.0,10.0,9.0,11.0,12.0,11.0,7.999999999999999,7.999999999999999,7.999999999999999,7.999999999999999,7.999999999999999,7.999999999999999,7.999999999999999,7.999999999999999,6.499999999999999,4.666666666666666,4.0,4.0,4.0,4.0,4.0,4.0,4.083333333333332,5.833333333333332,6.749999999999999,6.5,6.499999999999997,8.083333333333332,8.166666666666664,7.999999999999997,49.0,49.0,49.0,49.0,49.0,49.0,49.0,49.0,38.49999999999999,29.166666666666664,24.5,24.5,24.5,24.5,24.5,24.5,25.083333333333332,37.33333333333333,43.75,41.99999999999999,41.99999999999999,53.083333333333336,53.666666666666664,52.5,0.8560000000000001,0.8560000000000001,0.8560000000000001,0.8560000000000001,0.8560000000000001,0.8560000000000001,0.8560000000000001,0.8325,0.8325,0.657,0.657,0.657,0.8325,0.8325,0.657,0.657,0.657,0.8325,0.8325,0.657,0.657,0.6350000000000001,0.6350000000000001,0.7460000000000001,0.924,0.924,0.924,0.924,0.924,0.924,0.924,1.035,1.035,1.123,1.123,1.123,1.035,1.035,1.123,1.123,1.123,1.035,1.035,1.123,1.123,1.035,1.035,0.924
2023-02-04,52.50000000000001,52.50000000000001,52.50000000000001,52.50000000000001,52.50000000000001,52.50000000000001,52.50000000000001,52.50000000000001,52.50000000000001,52.50000000000001,47.83333333333333,42.58333333333333,43.16666666666666,53.95833333333332,58.62499999999999,44.33333333333333,36.75,36.75,49.58333333333333,47.83333333333333,47.83333333333333,50.75,53.08333333333333,54.83333333333334,11.0,11.0,11.0,11.0,11.0,11.0,11.0,11.0,11.0,11.0,11.0,9.0,10.0,13.0,12.0,9.0,13.0,9.0,15.0,13.0,13.0,13.0,14.0,14.0,7.999999999999997,7.999999999999997,7.999999999999997,7.999999999999997,7.999999999999997,7.999999999999997,7.999999999999997,7.999999999999997,7.999999999999997,7.999999999999997,7.333333333333333,6.583333333333332,6.75,8.25,8.916666666666664,7.166666666666665,6.416666666666666,6.333333333333332,7.833333333333332,7.333333333333332,7.333333333333332,7.749999999999998,8.083333333333332,8.33333333333333,52.5,52.5,52.5,52.5,52.5,52.5,52.5,52.5,52.5,52.5,47.83333333333333,42.58333333333333,43.166666666666664,53.95833333333333,58.62499999999999,44.33333333333333,36.74999999999999,36.75,49.58333333333333,47.83333333333333,47.833333333333336,50.75,53.08333333333333,54.83333333333333,0.8560000000000001,0.8560000000000001,0.8560000000000001,0.8560000000000001,0.8560000000000001,0.8560000000000001,0.8560000000000001,0.8325,0.8325,0.657,0.657,0.657,0.8325,0.8325,0.657,0.657,0.657,0.8325,0.8325,0.657,0.657,0.6350000000000001,0.6350000000000001,0.7460000000000001,0.924,0.924,0.924,0.924,0.924,0.924,0.924,1.035,1.035,1.123,1.123,1.123,1.035,1.035,1.123,1.123,1.123,1.035,1.035,1.123,1.123,1.035,1.035,0.924
2023-02-05,54.83333333333334,54.83333333333334,54.83333333333334,54.83333333333334,54.83333333333334,54.83333333333334,54.83333333333334,54.83333333333334,44.91666666666666,40.833333333333314,36.74999999999999,31.5,26.83333333333333,26.83333333333333,26.25,19.83333333333333,19.83333333333333,28.87499999999999,40.833333333333314,44.91666666666666,47.83333333333333,48.41666666666667,54.83333333333334,54.83333333333334,14.0,14.0,14.0,14.0,14.0,14.0,14.0,14.0,14.0,12.0,12.0,11.0,10.0,10.0,10.0,9.0,9.0,9.0,12.0,12.0,13.0,13.0,14.0,14.0,8.33333333333333,8.33333333333333,8.33333333333333,8.33333333333333,8.33333333333333,8.33333333333333,8.33333333333333,8.33333333333333,6.916666666666666,6.333333333333332,5.749999999999998,4.999999999999999,4.333333333333332,4.333333333333332,4.249999999999999,3.333333333333332,3.333333333333332,4.499999999999999,6.333333333333332,6.916666666666666,7.333333333333332,7.416666666666666,8.33333333333333,8.33333333333333,54.83333333333333,54.83333333333333,54.83333333333333,54.83333333333333,54.83333333333333,54.83333333333333,54.83333333333333,54.83333333333333,44.91666666666666,40.83333333333332,36.74999999999999,31.499999999999996,26.83333333333333,26.83333333333333,26.249999999999996,19.83333333333333,19.83333333333333,28.874999999999993,40.83333333333332,44.916666666666664,47.833333333333336,48.416666666666664,54.83333333333333,54.83333333333333,0.8560000000000001,0.8560000000000001,0.8560000000000001,0.8560000000000001,0.8560000000000001,0.8560000000000001,0.8560000000000001,0.8325,0.8325,0.657,0.657,0.657,0.8325,0.8325,0.657,0.657,0.657,0.8325,0.8325,0.657,0.657,0.6350000000000001,0.6350000000000001,0.7460000000000001,0.924,0.924,0.924,0.924,0.924,0.924,0.924,1.035,1.035,1.123,1.123,1.123,1.035,1.035,1.123,1.123,1.123,1.035,1.035,1.123,1.123,1.035,1.035,0.924
2023-02-06,50.458333333333336,64.16666666666666,68.83333333333333,68.83333333333333,68.83333333333333,68.83333333333333,68.83333333333333,66.20833333333333,64.74999999999999,58.33333333333334,52.49999999999999,51.33333333333333,51.33333333333333,51.33333333333333,51.33333333333333,46.66666666666667,37.33333333333333,37.33333333333333,42.0,44.91666666666666,51.33333333333333,52.5,53.08333333333333,51.33333333333333,14.0,14.0,16.0,16.0,16.0,16.0,16.0,16.0,16.0,15.0,14.0,14.0,14.0,14.0,14.0,14.0,12.0,12.0,12.0,13.0,14.0,14.0,15.0,14.0,7.666666666666664,9.666666666666664,10.333333333333332,10.333333333333332,10.333333333333332,10.333333333333332,10.333333333333332,9.583333333333332,9.75,8.83333333333333,7.999999999999998,8.333333333333332,8.333333333333332,8.333333333333332,8.333333333333332,7.666666666666664,6.333333333333332,6.333333333333332,6.999999999999999,7.416666666666665,8.333333333333332,8.499999999999998,8.583333333333332,8.333333333333332,50.45833333333333,64.16666666666666,68.83333333333331,68.83333333333331,68.83333333333331,68.83333333333331,68.83333333333331,66.20833333333333,64.74999999999999,58.33333333333332,52.49999999999999,51.33333333333333,51.33333333333333,51.33333333333333,51.33333333333333,46.666666666666664,37.33333333333333,37.33333333333333,42.0,44.916666666666664,51.33333333333333,52.5,53.08333333333333,51.33333333333333,0.8560000000000001,0.8560000000000001,0.8560000000000001,0.8560000000000001,0.8560000000000001,0.8560000000000001,0.8560000000000001,0.8325,0.8325,0.657,0.657,0.657,0.8325,0.8325,0.657,0.657,0.657,0.8325,0.8325,0.657,0.657,0.6350000000000001,0.6350000000000001,0.7460000000000001,0.924,0.924,0.924,0.924,0.924,0.924,0.924,1.035,1.035,1.123,1.123,1.123,1.035,1.035,1.123,1.123,1.123,1.035,1.035,1.123,1.123,1.035,1.035,0.924
2023-02-07,51.33333333333333,51.33333333333333,51.33333333333333,51.33333333333333,51.33333333333333,51.33333333333333,51.91666666666667,52.49999999999999,35.0,25.08333333333333,23.33333333333333,23.33333333333333,23.33333333333333,18.08333333333333,16.33333333333333,16.33333333333333,19.25,26.25,37.33333333333333,37.33333333333333,37.33333333333333,35.875,33.83333333333333,33.83333333333333,14.0,14.0,14.0,14.0,14.0,14.0,14.0,15.0,13.0,11.0,10.0,10.0,10.0,10.0,9.0,9.0,9.0,10.0,12.0,12.0,12.0,12.0,11.0,11.0,8.333333333333332,8.333333333333332,8.333333333333332,8.333333333333332,8.333333333333332,8.333333333333332,8.416666666666664,8.5,5.999999999999998,4.583333333333331,4.333333333333331,4.333333333333331,4.333333333333331,3.583333333333332,3.333333333333332,3.333333333333332,3.7499999999999982,4.749999999999998,6.333333333333332,6.333333333333332,6.333333333333332,5.916666666666666,5.333333333333332,5.333333333333332,51.33333333333333,51.33333333333333,51.33333333333333,51.33333333333333,51.33333333333333,51.33333333333333,51.916666666666664,52.5,35.0,25.08333333333333,23.33333333333333,23.33333333333333,23.33333333333333,18.08333333333333,16.333333333333332,16.333333333333332,19.249999999999996,26.249999999999996,37.33333333333333,37.33333333333333,37.33333333333333,35.87499999999999,33.83333333333333,33.83333333333333,0.8560000000000001,0.8560000000000001,0.8560000000000001,0.8560000000000001,0.8560000000000001,0.8560000000000001,0.8560000000000001,0.8325,0.8325,0.657,0.657,0.657,0.8325,0.8325,0.657,0.657,0.657,0.8325,0.8325,0.657,0.657,0.6350000000000001,0.6350000000000001,0.7460000000000001,0.924,0.924,0.924,0.924,0.924,0.924,0.924,1.035,1.035,1.123,1.123,1.123,1.035,1.035,1.123,1.123,1.123,1.035,1.035,1.123,1.123,1.035,1.035,0.924
2023-02-08,33.83333333333333,33.83333333333333,33.83333333333333,33.83333333333333,33.83333333333333,33.83333333333333,33.83333333333333,39.66666666666666,34.41666666666666,33.83333333333333,33.24999999999999,24.5,19.83333333333333,17.5,12.83333333333333,15.749999999999996,19.83333333333333,26.83333333333333,29.16666666666666,34.41666666666666,40.833333333333314,44.33333333333333,47.83333333333333,48.41666666666667,11.0,11.0,11.0,11.0,11.0,11.0,11.0,11.0,12.0,11.0,11.0,10.0,9.0,9.0,8.0,8.0,9.0,10.0,10.0,11.0,12.0,12.0,13.0,13.0,5.333333333333332,5.333333333333332,5.333333333333332,5.333333333333332,5.333333333333332,5.333333333333332,5.333333333333332,6.166666666666666,5.416666666666666,5.333333333333332,5.25,3.999999999999999,3.333333333333332,2.9999999999999987,2.333333333333332,2.7499999999999987,3.333333333333332,4.333333333333332,4.666666666666666,5.416666666666666,6.333333333333332,6.833333333333332,7.333333333333332,7.416666666666666,33.83333333333333,33.83333333333333,33.83333333333333,33.83333333333333,33.83333333333333,33.83333333333333,33.83333333333333,39.66666666666666,34.416666666666664,33.83333333333333,33.25,24.499999999999993,19.83333333333333,17.499999999999993,12.83333333333333,15.749999999999996,19.83333333333333,26.83333333333333,29.166666666666664,34.416666666666664,40.83333333333332,44.33333333333333,47.833333333333336,48.416666666666664,0.8560000000000001,0.8560000000000001,0.8560000000000001,0.8560000000000001,0.8560000000000001,0.8560000000000001,0.8560000000000001,0.8325,0.8325,0.657,0.657,0.657,0.8325,0.8325,0.657,0.657,0.657,0.8325,0.8325,0.657,0.657,0.6350000000000001,0.6350000000000001,0.7460000000000001,0.924,0.924,0.924,0.924,0.924,0.924,0.924,1.035,1.035,1.123,1.123,1.123,1.035,1.035,1.123,1.123,1.123,1.035,1.035,1.123,1.123,1.035,1.035,0.924
2023-02-09,54.83333333333334,54.83333333333334,54.83333333333334,54.83333333333334,54.83333333333334,54.83333333333334,51.625,48.70833333333332,44.33333333333332,39.66666666666666,39.66666666666666,45.49999999999999,56.583333333333336,58.91666666666666,44.33333333333332,42.0,42.0,48.99999999999999,55.41666666666667,63.00000000000001,69.41666666666666,75.83333333333333,76.99999999999999,76.99999999999999,14.0,14.0,14.0,14.0,14.0,14.0,14.0,11.0,12.0,10.0,9.0,10.0,13.0,14.0,13.0,11.0,11.0,12.0,12.0,14.0,14.0,15.0,16.0,16.0,8.33333333333333,8.33333333333333,8.33333333333333,8.33333333333333,8.33333333333333,8.33333333333333,7.916666666666665,7.499999999999999,7.249999999999999,6.166666666666665,6.166666666666665,7.166666666666664,9.583333333333332,9.916666666666666,7.833333333333333,7.5,7.5,8.5,9.416666666666664,10.499999999999998,11.416666666666668,12.333333333333332,12.5,12.5,54.83333333333333,54.83333333333333,54.83333333333333,54.83333333333333,54.83333333333333,54.83333333333333,51.625,48.70833333333333,44.33333333333333,39.666666666666664,39.66666666666666,45.49999999999999,56.58333333333333,58.916666666666664,44.33333333333333,42.0,42.0,48.999999999999986,55.41666666666666,63.0,69.41666666666666,75.83333333333333,77.0,77.0,0.8560000000000001,0.8560000000000001,0.8560000000000001,0.8560000000000001,0.8560000000000001,0.8560000000000001,0.8560000000000001,0.8325,0.8325,0.657,0.657,0.657,0.8325,0.8325,0.657,0.657,0.657,0.8325,0.8325,0.657,0.657,0.6350000000000001,0.6350000000000001,0.7460000000000001,0.924,0.924,0.924,0.924,0.924,0.924,0.924,1.035,1.035,1.123,1.123,1.123,1.035,1.035,1.123,1.123,1.123,1.035,1.035,1.123,1.123,1.035,1.035,0.924
2023-02-10,76.99999999999999,76.99999999999999,76.99999999999999,76.99999999999999,76.99999999999999,76.99999999999999,76.99999999999999,75.54166666666666,76.99999999999999,60.66666666666666,48.99999999999999,48.99999999999999,51.33333333333333,56.0,50.74999999999999,44.33333333333332,42.0,39.08333333333333,33.83333333333333,38.5,44.33333333333333,57.75000000000001,54.83333333333333,52.5,16.0,16.0,16.0,16.0,16.0,16.0,16.0,16.0,16.0,16.0,12.0,12.0,12.0,13.0,13.0,12.0,11.0,11.0,10.0,10.0,10.0,12.0,13.0,12.0,12.5,12.5,12.5,12.5,12.5,12.5,12.5,12.083333333333332,12.5,10.166666666666668,8.5,8.5,8.833333333333332,9.5,8.75,7.833333333333333,7.5,6.666666666666665,5.833333333333332,6.499999999999998,7.33333333333333,9.249999999999996,8.833333333333332,8.499999999999998,77.0,77.0,77.0,77.0,77.0,77.0,77.0,75.54166666666666,77.0,60.66666666666666,48.999999999999986,48.999999999999986,51.33333333333332,55.99999999999999,50.749999999999986,44.33333333333333,42.0,39.08333333333333,33.83333333333333,38.5,44.33333333333333,57.75,54.83333333333333,52.5,0.8560000000000001,0.8560000000000001,0.8560000000000001,0.8560000000000001,0.8560000000000001,0.8560000000000001,0.8560000000000001,0.8325,0.8325,0.657,0.657,0.657,0.8325,0.8325,0.8325,0.657,0.657,0.8325,0.8325,0.657,0.657,0.6350000000000001,0.6350000000000001,0.7460000000000001,0.924,0.924,0.924,0.924,0.924,0.924,0.924,1.035,1.035,1.123,1.123,1.123,1.035,1.035,1.035,1.123,1.123,1.035,1.035,1.123,1.123,1.035,1.035,0.924
2023-02-11,55.41666666666667,59.50000000000001,59.50000000000001,59.50000000000001,59.50000000000001,59.50000000000001,59.50000000000001,59.50000000000001,59.50000000000001,59.50000000000001,59.50000000000001,57.75,52.20833333333332,47.83333333333333,52.5,46.66666666666666,43.16666666666666,38.5,38.5,40.83333333333332,49.58333333333333,58.33333333333334,64.74999999999999,66.49999999999999,12.0,13.0,13.0,13.0,13.0,13.0,13.0,13.0,13.0,13.0,13.0,13.0,13.0,11.0,12.0,12.0,11.0,10.0,10.0,10.0,11.0,12.0,13.0,14.0,8.916666666666664,9.499999999999996,9.499999999999996,9.499999999999996,9.499999999999996,9.499999999999996,9.499999999999996,9.499999999999996,9.499999999999996,9.499999999999996,9.499999999999996,9.249999999999998,8.5,7.83333333333333,8.499999999999998,7.666666666666664,7.166666666666664,6.499999999999998,6.499999999999998,6.833333333333332,8.083333333333332,9.33333333333333,10.25,10.499999999999998,55.416666666666664,59.5,59.5,59.5,59.5,59.5,59.5,59.5,59.5,59.5,59.5,57.75,52.20833333333333,47.83333333333333,52.5,46.66666666666666,43.16666666666666,38.5,38.5,40.83333333333333,49.58333333333333,58.33333333333333,64.75,66.5,0.8560000000000001,0.8560000000000001,0.8560000000000001,0.8560000000000001,0.8560000000000001,0.8560000000000001,0.8560000000000001,0.8325,0.8325,0.657,0.657,0.657,0.8325,0.8325,0.657,0.657,0.657,0.8325,0.8325,0.657,0.657,0.6350000000000001,0.6350000000000001,0.7460000000000001,0.924,0.924,0.924,0.924,0.924,0.924,0.924,1.035,1.035,1.123,1.123,1.123,1.035,1.035,1.123,1.123,1.123,1.035,1.035,1.123,1.123,1.035,1.035,0.924
2023-02-12,66.49999999999999,59.50000000000001,59.50000000000001,59.50000000000001,59.50000000000001,59.50000000000001,59.50000000000001,56.58333333333333,44.33333333333332,47.24999999999999,39.66666666666666,37.91666666666666,41.99999999999999,43.74999999999999,45.5,40.24999999999999,46.958333333333336,56.00000000000001,53.08333333333333,49.58333333333333,57.16666666666666,61.83333333333332,62.99999999999999,62.99999999999999,14.0,13.0,13.0,13.0,13.0,13.0,13.0,13.0,11.0,10.0,10.0,9.0,10.0,10.0,10.0,11.0,9.0,12.0,12.0,11.0,11.0,13.0,13.0,13.0,10.499999999999998,9.499999999999996,9.499999999999996,9.499999999999996,9.499999999999996,9.499999999999996,9.499999999999996,9.083333333333332,7.166666666666666,7.249999999999999,6.166666666666665,5.916666666666665,6.499999999999999,6.749999999999999,6.999999999999998,5.833333333333332,6.833333333333331,8.499999999999996,8.083333333333332,7.666666666666666,8.666666666666668,9.333333333333332,9.5,9.5,66.5,59.5,59.5,59.5,59.5,59.5,59.5,56.58333333333333,44.33333333333333,47.24999999999999,39.66666666666666,37.91666666666666,41.999999999999986,43.74999999999999,45.49999999999999,40.24999999999999,46.95833333333333,55.99999999999999,53.08333333333333,49.58333333333333,57.16666666666666,61.83333333333332,62.999999999999986,62.999999999999986,0.8560000000000001,0.8560000000000001,0.8560000000000001,0.8560000000000001,0.8560000000000001,0.8560000000000001,0.8560000000000001,0.8325,0.8325,0.657,0.657,0.657,0.8325,0.8325,0.657,0.657,0.657,0.8325,0.8325,0.657,0.657,0.6350000000000001,0.6350000000000001,0.7460000000000001,0.924,0.924,0.924,0.924,0.924,0.924,0.924,1.035,1.035,1.123,1.123,1.123,1.035,1.035,1.123,1.123,1.123,1.035,1.035,1.123,1.123,1.035,1.035,0.924
2023-02-13,62.99999999999999,62.99999999999999,62.99999999999999,62.99999999999999,62.99999999999999,62.99999999999999,62.99999999999999,60.66666666666667,42.0,29.75,24.5,28.0,27.70833333333333,24.5,23.625,21.0,21.0,21.0,23.916666666666664,35.0,35.58333333333333,44.33333333333332,48.99999999999999,48.99999999999999,13.0,13.0,13.0,13.0,13.0,13.0,13.0,13.0,12.0,9.0,8.0,8.0,8.0,8.0,8.0,8.0,8.0,8.0,8.0,10.0,10.0,11.0,12.0,12.0,9.5,9.5,9.5,9.5,9.5,9.5,9.5,9.166666666666664,6.499999999999998,4.749999999999999,3.999999999999999,4.499999999999999,4.749999999999998,4.499999999999997,4.583333333333332,4.499999999999999,4.499999999999999,4.499999999999999,4.916666666666666,6.5,6.583333333333333,7.833333333333333,8.5,8.5,62.999999999999986,62.999999999999986,62.999999999999986,62.999999999999986,62.999999999999986,62.999999999999986,62.999999999999986,60.66666666666666,41.99999999999999,29.749999999999996,24.499999999999996,27.999999999999996,27.70833333333333,24.499999999999993,23.624999999999993,20.999999999999996,20.999999999999996,20.999999999999996,23.916666666666664,34.99999999999999,35.58333333333333,44.33333333333333,48.999999999999986,48.999999999999986,0.8560000000000001,0.8560000000000001,0.8560000000000001,0.8560000000000001,0.8560000000000001,0.8560000000000001,0.8560000000000001,0.8325,0.8325,0.657,0.657,0.657,0.8325,0.8325,0.657,0.657,0.657,0.8325,0.8325,0.657,0.657,0.6350000000000001,0.6350000000000001,0.7460000000000001,0.924,0.924,0.924,0.924,0.924,0.924,0.924,1.035,1.035,1.123,1.123,1.123,1.035,1.035,1.123,1.123,1.123,1.035,1.035,1.123,1.123,1.035,1.035,0.924
2023-02-14,48.99999999999999,48.99999999999999,48.99999999999999,48.99999999999999,47.83333333333332,43.74999999999999,42.29166666666666,41.12499999999998,32.666666666666664,22.166666666666657,21.0,22.166666666666664,28.58333333333333,59.5,59.5,59.5,63.0,64.16666666666666,59.5,69.99999999999999,73.49999999999999,81.66666666666666,93.91666666666666,92.16666666666666,12.0,12.0,12.0,12.0,12.0,14.0,10.0,12.0,12.0,10.0,9.0,9.0,10.0,17.0,17.0,17.0,17.0,18.0,17.0,18.0,19.0,19.0,22.0,21.0,8.5,8.5,8.5,8.5,8.333333333333332,7.333333333333332,7.166666666666664,7.083333333333332,6.083333333333333,4.166666666666664,3.999999999999998,4.333333333333332,5.416666666666666,10.0,10.0,10.0,10.5,10.666666666666666,10.0,11.5,12.0,13.166666666666666,14.916666666666668,14.666666666666668,48.999999999999986,48.999999999999986,48.999999999999986,48.999999999999986,47.83333333333332,43.74999999999999,42.29166666666666,41.12499999999999,32.666666666666664,22.16666666666666,20.999999999999993,22.16666666666666,62.70833333333333,59.5,59.5,59.5,62.99999999999999,64.16666666666666,59.5,69.99999999999999,73.49999999999999,81.66666666666666,93.91666666666666,92.16666666666666,0.8560000000000001,0.8560000000000001,0.8560000000000001,0.8560000000000001,0.8560000000000001,0.8560000000000001,0.8560000000000001,0.8325,0.8325,0.657,0.657,0.657,0.8325,0.8325,0.657,0.657,0.657,0.8325,0.8325,0.657,0.657,0.6350000000000001,0.6350000000000001,0.7460000000000001,0.924,0.924,0.924,0.924,0.924,0.924,0.924,1.035,1.035,1.123,1.123,1.123,1.035,1.035,1.123,1.123,1.123,1.035,1.035,1.123,1.123,1.035,1.035,0.924
2023-02-15,94.5,90.41666666666669,87.5,87.5,87.5,87.5,87.5,85.16666666666667,64.75,59.5,65.33333333333333,66.5,66.5,66.5,58.91666666666667,57.16666666666666,59.5,60.66666666666666,66.5,64.75,60.66666666666666,77.58333333333333,80.5,80.5,22.0,22.0,21.0,21.0,21.0,21.0,21.0,21.0,20.0,17.0,17.0,18.0,18.0,18.0,18.0,16.0,17.0,17.0,18.0,18.0,17.0,19.0,20.0,20.0,15.0,14.416666666666664,13.999999999999998,13.999999999999998,13.999999999999998,13.999999999999998,13.999999999999998,13.416666666666664,10.75,10.0,10.833333333333334,11.0,11.0,11.0,9.916666666666666,9.666666666666666,10.0,10.166666666666668,11.0,10.75,10.166666666666666,12.583333333333332,13.0,13.0,94.5,90.41666666666666,87.5,87.5,87.5,87.5,87.5,85.16666666666666,64.75,59.5,65.33333333333333,66.5,66.5,66.5,58.91666666666666,57.16666666666666,59.5,60.666666666666664,66.5,64.75,60.666666666666664,77.58333333333333,80.5,80.5,0.8560000000000001,0.8560000000000001,0.8560000000000001,0.8560000000000001,0.8560000000000001,0.8560000000000001,0.8560000000000001,0.8325,0.8325,0.657,0.657,0.657,0.8325,0.8325,0.657,0.657,0.657,0.8325,0.8325,0.657,0.657,0.6350000000000001,0.6350000000000001,0.7460000000000001,0.924,0.924,0.924,0.924,0.924,0.924,0.924,1.035,1.035,1.123,1.123,1.123,1.035,1.035,1.123,1.123,1.123,1.035,1.035,1.123,1.123,1.035,1.035,0.924
2023-02-16,80.5,76.125,80.5,80.5,80.5,80.5,80.5,75.24999999999999,63.58333333333333,67.66666666666666,75.25,77.0,77.0,77.0,71.16666666666666,72.62499999999999,73.49999999999999,73.49999999999999,78.75,79.33333333333333,80.5,77.58333333333331,73.49999999999999,73.49999999999999,20.0,20.0,20.0,20.0,20.0,20.0,20.0,20.0,18.0,17.0,18.0,19.0,19.0,19.0,19.0,18.0,19.0,19.0,19.0,19.0,20.0,20.0,19.0,19.0,13.0,12.25,13.0,13.0,13.0,13.0,13.0,11.833333333333334,10.083333333333332,10.666666666666664,11.75,12.0,12.0,12.0,11.166666666666664,11.75,12.0,12.0,12.75,12.833333333333332,13.0,12.583333333333334,12.0,12.0,80.5,76.125,80.5,80.5,80.5,80.5,80.5,75.24999999999999,63.58333333333332,67.66666666666666,75.24999999999999,77.0,77.0,77.0,71.16666666666666,72.62499999999999,73.49999999999999,73.49999999999999,78.75,79.33333333333333,80.5,77.58333333333333,73.49999999999999,73.49999999999999,0.8560000000000001,0.8560000000000001,0.8560000000000001,0.8560000000000001,0.8560000000000001,0.8560000000000001,0.8560000000000001,0.8325,0.8325,0.657,0.657,0.657,0.8325,0.8325,0.657,0.657,0.657,0.8325,0.8325,0.657,0.657,0.6350000000000001,0.6350000000000001,0.7460000000000001,0.924,0.924,0.924,0.924,0.924,0.924,0.924,1.035,1.035,1.123,1.123,1.123,1.035,1.035,1.123,1.123,1.123,1.035,1.035,1.123,1.123,1.035,1.035,0.924
2023-02-17,73.49999999999999,73.49999999999999,73.49999999999999,73.49999999999999,73.49999999999999,73.49999999999999,73.49999999999999,70.29166666666666,63.0,59.5,54.83333333333333,57.16666666666666,60.08333333333333,66.5,57.16666666666667,52.5,52.5,54.83333333333333,62.41666666666666,71.74999999999999,71.16666666666666,73.5,77.58333333333333,77.58333333333334,19.0,19.0,19.0,19.0,19.0,19.0,19.0,19.0,18.0,17.0,17.0,16.0,17.0,18.0,18.0,16.0,16.0,16.0,17.0,18.0,19.0,18.0,20.0,19.0,12.0,12.0,12.0,12.0,12.0,12.0,12.0,11.249999999999998,10.5,10.0,9.333333333333332,9.666666666666666,10.083333333333332,11.0,9.666666666666666,8.999999999999998,8.999999999999998,9.333333333333332,10.416666666666668,11.75,11.666666666666666,12.0,12.166666666666666,12.083333333333332,73.49999999999999,73.49999999999999,73.49999999999999,73.49999999999999,73.49999999999999,73.49999999999999,73.49999999999999,70.29166666666666,62.99999999999999,59.5,54.83333333333333,57.16666666666666,60.08333333333333,66.5,57.16666666666666,52.499999999999986,52.499999999999986,54.83333333333333,62.416666666666664,71.74999999999999,71.16666666666666,73.49999999999999,77.58333333333333,77.58333333333333,0.8560000000000001,0.8560000000000001,0.8560000000000001,0.8560000000000001,0.8560000000000001,0.8560000000000001,0.8560000000000001,0.8325,0.8325,0.657,0.657,0.657,0.8325,0.8325,0.657,0.657,0.657,0.8325,0.8325,0.657,0.657,0.6350000000000001,0.6350000000000001,0.7460000000000001,0.924,0.924,0.924,0.924,0.924,0.924,0.924,1.035,1.035,1.123,1.123,1.123,1.035,1.035,1.123,1.123,1.123,1.035,1.035,1.123,1.123,1.035,1.035,0.924
2023-02-18,84.0,81.66666666666666,77.0,77.0,77.0,77.0,77.0,77.0,74.66666666666666,69.99999999999999,69.99999999999999,75.25,77.0,72.33333333333331,69.99999999999999,65.04166666666666,62.41666666666666,56.58333333333333,42.0,45.5,56.0,56.0,56.0,56.0,20.0,20.0,19.0,19.0,19.0,19.0,19.0,19.0,19.0,18.0,18.0,18.0,19.0,19.0,18.0,18.0,16.0,17.0,14.0,14.0,16.0,16.0,16.0,16.0,12.999999999999996,12.666666666666664,12.0,12.0,12.0,12.0,12.0,12.0,11.666666666666668,11.0,11.0,11.75,12.0,11.333333333333332,11.0,10.25,9.833333333333332,9.083333333333332,6.999999999999998,7.499999999999998,9.0,9.0,9.0,9.0,83.99999999999999,81.66666666666666,77.0,77.0,77.0,77.0,77.0,77.0,74.66666666666666,69.99999999999999,69.99999999999999,75.24999999999999,77.0,72.33333333333331,69.99999999999999,65.04166666666666,62.41666666666666,56.58333333333333,41.999999999999986,45.499999999999986,55.99999999999999,55.99999999999999,55.99999999999999,55.99999999999999,0.8560000000000001,0.8560000000000001,0.8560000000000001,0.8560000000000001,0.8560000000000001,0.8560000000000001,0.8560000000000001,0.8325,0.8325,0.657,0.657,0.657,0.8325,0.8325,0.657,0.657,0.657,0.8325,0.8325,0.657,0.657,0.6350000000000001,0.6350000000000001,0.7460000000000001,0.924,0.924,0.924,0.924,0.924,0.924,0.924,1.035,1.035,1.123,1.123,1.123,1.035,1.035,1.123,1.123,1.123,1.035,1.035,1.123,1.123,1.035,1.035,0.924
2023-02-19,58.33333333333333,63.0,63.0,63.0,63.0,63.0,63.0,63.0,63.0,58.91666666666666,56.58333333333333,60.66666666666666,65.91666666666666,69.99999999999999,70.58333333333331,74.08333333333333,77.58333333333334,84.875,85.16666666666666,85.75,91.0,91.0,91.0,91.0,16.0,17.0,17.0,17.0,17.0,17.0,17.0,17.0,17.0,17.0,16.0,17.0,16.0,18.0,18.0,19.0,19.0,20.0,20.0,20.0,21.0,21.0,21.0,21.0,9.333333333333332,10.0,10.0,10.0,10.0,10.0,10.0,10.0,10.0,9.416666666666666,9.083333333333332,9.666666666666666,10.416666666666664,11.0,11.083333333333332,11.583333333333332,12.083333333333332,13.0,13.166666666666664,13.25,14.0,14.0,14.0,14.0,58.33333333333333,62.999999999999986,62.999999999999986,62.999999999999986,62.999999999999986,62.999999999999986,62.999999999999986,62.999999999999986,62.999999999999986,58.91666666666666,56.58333333333333,60.66666666666666,65.91666666666666,69.99999999999999,70.58333333333331,74.08333333333333,77.58333333333333,84.87499999999999,85.16666666666666,85.74999999999999,91.0,91.0,91.0,91.0,0.8560000000000001,0.8560000000000001,0.8560000000000001,0.8560000000000001,0.8560000000000001,0.8560000000000001,0.8560000000000001,0.8325,0.8325,0.657,0.657,0.657,0.8325,0.8325,0.657,0.657,0.657,0.8325,0.8325,0.657,0.657,0.6350000000000001,0.6350000000000001,0.7460000000000001,0.924,0.924,0.924,0.924,0.924,0.924,0.924,1.035,1.035,1.123,1.123,1.123,1.035,1.035,1.123,1.123,1.123,1.035,1.035,1.123,1.123,1.035,1.035,0.924
2023-02-20,91.0,91.0,91.0,91.0,91.0,91.0,91.0,87.5,74.95833333333331,61.83333333333333,56.0,58.33333333333333,60.08333333333333,71.16666666666666,73.49999999999999,75.83333333333333,77.58333333333331,73.49999999999999,71.16666666666666,90.41666666666669,89.83333333333331,94.5,96.83333333333331,101.5,21.0,21.0,21.0,21.0,21.0,21.0,21.0,21.0,19.0,18.0,16.0,16.0,17.0,17.0,19.0,19.0,20.0,19.0,19.0,21.0,21.0,22.0,22.0,23.0,14.0,14.0,14.0,14.0,14.0,14.0,14.0,13.333333333333332,11.666666666666668,9.833333333333332,9.0,9.333333333333332,9.583333333333332,11.5,12.0,12.333333333333332,12.583333333333334,12.0,11.666666666666666,14.416666666666664,14.333333333333334,15.0,15.333333333333332,16.0,91.0,91.0,91.0,91.0,91.0,91.0,91.0,87.49999999999999,74.95833333333333,61.83333333333332,55.99999999999999,58.33333333333333,60.08333333333332,71.16666666666666,73.49999999999999,75.83333333333333,77.58333333333333,73.49999999999999,71.16666666666666,90.41666666666666,89.83333333333333,94.5,96.83333333333331,101.5,0.7460000000000001,0.8560000000000001,0.8560000000000001,0.8560000000000001,0.8560000000000001,0.8560000000000001,0.8560000000000001,0.8325,0.8325,0.657,0.657,0.657,0.8325,0.8325,0.657,0.657,0.657,0.8325,0.8325,0.8325,0.657,0.6350000000000001,0.6350000000000001,0.7460000000000001,0.924,0.924,0.924,0.924,0.924,0.924,0.924,1.035,1.035,1.123,1.123,1.123,1.035,1.035,1.123,1.123,1.123,1.035,1.035,1.035,1.123,1.035,1.035,0.924
2023-02-21,101.5,91.58333333333331,53.083333333333314,54.54166666666666,45.79166666666666,33.83333333333333,52.20833333333332,52.20833333333333,52.5,52.5,52.5,48.41666666666666,51.33333333333333,52.5,47.24999999999999,45.49999999999999,45.49999999999999,45.49999999999999,45.49999999999999,45.49999999999999,51.91666666666666,56.00000000000001,59.50000000000001,59.50000000000001,23.0,23.0,11.0,15.0,11.0,11.0,15.0,10.0,12.0,12.0,12.0,12.0,11.0,12.0,12.0,11.0,11.0,11.0,11.0,11.0,11.0,12.0,13.0,13.0,16.0,14.583333333333334,8.833333333333332,8.999999999999998,7.749999999999998,6.249999999999999,8.75,8.583333333333332,8.499999999999998,8.499999999999998,8.499999999999998,7.916666666666666,8.333333333333332,8.499999999999998,7.749999999999998,7.499999999999998,7.499999999999998,7.499999999999998,7.499999999999998,7.499999999999998,8.416666666666664,8.999999999999996,9.499999999999996,9.499999999999996,101.5,91.58333333333331,53.08333333333332,54.54166666666666,45.79166666666666,33.83333333333333,52.20833333333333,52.20833333333333,52.49999999999999,52.5,52.5,48.416666666666664,51.33333333333333,52.5,47.24999999999999,45.49999999999999,45.49999999999999,45.49999999999999,45.49999999999999,45.49999999999999,51.916666666666664,56.0,59.5,59.5,0.8560000000000001,0.8560000000000001,0.8560000000000001,0.8560000000000001,0.8560000000000001,0.8560000000000001,0.8560000000000001,0.8325,0.8325,0.657,0.657,0.657,0.8325,0.8325,0.657,0.657,0.657,0.8325,0.8325,0.657,0.657,0.6350000000000001,0.6350000000000001,0.7460000000000001,0.924,0.924,0.924,0.924,0.924,0.924,0.924,1.035,1.035,1.123,1.123,1.123,1.035,1.035,1.123,1.123,1.123,1.035,1.035,1.123,1.123,1.035,1.035,0.924
2023-02-22,59.50000000000001,59.50000000000001,59.50000000000001,59.50000000000001,59.50000000000001,59.50000000000001,59.50000000000001,55.99999999999999,43.74999999999999,38.5,33.83333333333333,32.08333333333333,38.5,38.5,32.666666666666664,31.5,31.5,31.5,36.75,45.49999999999999,45.49999999999999,45.49999999999999,45.49999999999999,45.49999999999999,13.0,13.0,13.0,13.0,13.0,13.0,13.0,13.0,12.0,10.0,10.0,9.0,10.0,10.0,10.0,9.0,9.0,9.0,9.0,11.0,11.0,11.0,11.0,11.0,9.499999999999996,9.499999999999996,9.499999999999996,9.499999999999996,9.499999999999996,9.499999999999996,9.499999999999996,8.916666666666664,7.249999999999998,6.499999999999998,5.833333333333332,5.583333333333332,6.499999999999998,6.499999999999998,5.666666666666665,5.499999999999998,5.499999999999998,5.499999999999998,6.249999999999998,7.499999999999998,7.499999999999998,7.499999999999998,7.499999999999998,7.499999999999998,59.5,59.5,59.5,59.5,59.5,59.5,59.5,56.0,43.75,38.5,33.83333333333333,32.083333333333336,38.5,38.5,32.666666666666664,31.5,31.5,31.5,36.75,45.49999999999999,45.49999999999999,45.49999999999999,45.49999999999999,45.49999999999999,0.8560000000000001,0.8560000000000001,0.8560000000000001,0.8560000000000001,0.8560000000000001,0.8560000000000001,0.8560000000000001,0.8325,0.8325,0.657,0.657,0.657,0.8325,0.8325,0.8325,0.657,0.657,0.8325,0.8325,0.657,0.657,0.6350000000000001,0.6350000000000001,0.7460000000000001,0.924,0.924,0.924,0.924,0.924,0.924,0.924,1.035,1.035,1.123,1.123,1.123,1.035,1.035,1.035,1.123,1.123,1.035,1.035,1.123,1.123,1.035,1.035,0.924
2023-02-23,45.49999999999999,45.49999999999999,45.49999999999999,45.49999999999999,45.49999999999999,45.49999999999999,45.49999999999999,40.83333333333332,38.5,39.66666666666666,38.5,38.5,38.5,38.5,28.0,28.0,38.79166666666666,45.5,58.91666666666667,57.16666666666667,59.50000000000001,59.50000000000001,59.50000000000001,59.50000000000001,11.0,11.0,11.0,11.0,11.0,11.0,11.0,10.0,10.0,10.0,10.0,10.0,10.0,10.0,10.0,8.0,10.0,11.0,13.0,13.0,13.0,13.0,13.0,13.0,7.499999999999998,7.499999999999998,7.499999999999998,7.499999999999998,7.499999999999998,7.499999999999998,7.499999999999998,6.499999999999998,6.499999999999998,6.666666666666664,6.499999999999998,6.499999999999998,6.499999999999998,6.499999999999998,4.999999999999998,4.999999999999998,6.583333333333332,8.0,9.916666666666664,9.249999999999996,9.499999999999996,9.499999999999996,9.499999999999996,9.499999999999996,45.49999999999999,45.49999999999999,45.49999999999999,45.49999999999999,45.49999999999999,45.49999999999999,45.49999999999999,40.83333333333333,38.5,39.666666666666664,38.5,38.5,38.5,38.5,27.999999999999993,27.999999999999996,38.791666666666664,45.5,58.916666666666664,57.166666666666664,59.5,59.5,59.5,59.5,0.8560000000000001,0.8560000000000001,0.8560000000000001,0.8560000000000001,0.8560000000000001,0.8560000000000001,0.8560000000000001,0.8325,0.8325,0.657,0.657,0.657,0.8325,0.8325,0.657,0.657,0.657,0.8325,0.8325,0.657,0.657,0.6350000000000001,0.6350000000000001,0.7460000000000001,0.924,0.924,0.924,0.924,0.924,0.924,0.924,1.035,1.035,1.123,1.123,1.123,1.035,1.035,1.123,1.123,1.123,1.035,1.035,1.123,1.123,1.035,1.035,0.924
2023-02-24,59.50000000000001,59.50000000000001,59.50000000000001,59.50000000000001,59.50000000000001,59.50000000000001,59.50000000000001,58.04166666666667,56.0,56.58333333333334,59.50000000000001,54.25,52.5,50.16666666666666,43.16666666666666,41.41666666666666,45.49999999999999,45.49999999999999,46.66666666666666,62.70833333333333,67.66666666666667,63.00000000000001,62.41666666666667,58.33333333333334,13.0,13.0,13.0,13.0,13.0,13.0,13.0,13.0,13.0,12.0,13.0,13.0,12.0,12.0,11.0,10.0,11.0,11.0,11.0,11.0,15.0,14.0,14.0,13.0,9.499999999999996,9.499999999999996,9.499999999999996,9.499999999999996,9.499999999999996,9.499999999999996,9.499999999999996,9.08333333333333,8.999999999999998,9.08333333333333,9.499999999999996,8.749999999999998,8.499999999999998,8.166666666666666,7.166666666666664,6.916666666666664,7.499999999999998,7.499999999999998,7.666666666666666,10.416666666666666,11.166666666666664,10.499999999999998,10.416666666666664,9.833333333333332,59.5,59.5,59.5,59.5,59.5,59.5,59.5,58.041666666666664,56.0,56.58333333333333,59.5,54.25,52.5,50.166666666666664,43.16666666666666,41.416666666666664,45.49999999999999,45.49999999999999,46.666666666666664,62.70833333333333,67.66666666666666,63.0,62.416666666666664,58.33333333333333,0.8560000000000001,0.8560000000000001,0.8560000000000001,0.8560000000000001,0.8560000000000001,0.8560000000000001,0.8560000000000001,0.8325,0.8325,0.657,0.657,0.657,0.8325,0.8325,0.657,0.657,0.657,0.8325,0.8325,0.8325,0.657,0.6350000000000001,0.6350000000000001,0.7460000000000001,0.924,0.924,0.924,0.924,0.924,0.924,0.924,1.035,1.035,1.123,1.123,1.123,1.035,1.035,1.123,1.123,1.123,1.035,1.035,1.035,1.123,1.035,1.035,0.924
2023-02-25,63.00000000000001,63.00000000000001,63.00000000000001,63.00000000000001,63.00000000000001,63.00000000000001,63.00000000000001,63.00000000000001,67.66666666666666,66.49999999999999,63.00000000000001,63.00000000000001,63.00000000000001,63.00000000000001,61.25000000000001,60.08333333333333,56.0,50.74999999999999,42.58333333333332,44.33333333333332,51.91666666666666,50.16666666666666,54.25,56.0,14.0,14.0,14.0,14.0,14.0,14.0,14.0,14.0,14.0,15.0,14.0,14.0,14.0,14.0,14.0,14.0,13.0,13.0,12.0,11.0,12.0,13.0,12.0,13.0,10.499999999999998,10.499999999999998,10.499999999999998,10.499999999999998,10.499999999999998,10.499999999999998,10.499999999999998,10.499999999999998,11.166666666666668,11.0,10.499999999999998,10.499999999999998,10.499999999999998,10.499999999999998,10.249999999999998,10.083333333333332,9.5,8.75,7.583333333333334,7.833333333333333,8.916666666666666,8.666666666666666,9.25,9.5,63.0,63.0,63.0,63.0,63.0,63.0,63.0,63.0,67.66666666666666,66.49999999999999,63.0,63.0,63.0,63.0,61.25,60.08333333333333,55.99999999999999,50.749999999999986,42.58333333333333,44.33333333333333,51.91666666666666,50.16666666666666,54.24999999999999,55.99999999999999,0.8560000000000001,0.8560000000000001,0.8560000000000001,0.8560000000000001,0.8560000000000001,0.8560000000000001,0.8560000000000001,0.8325,0.8325,0.657,0.657,0.657,0.8325,0.8325,0.657,0.657,0.657,0.8325,0.8325,0.8325,0.657,0.6350000000000001,0.6350000000000001,0.7460000000000001,0.924,0.924,0.924,0.924,0.924,0.924,0.924,1.035,1.035,1.123,1.123,1.123,1.035,1.035,1.123,1.123,1.123,1.035,1.035,1.035,1.123,1.035,1.035,0.924
2023-02-26,49.58333333333332,48.99999999999999,48.99999999999999,48.99999999999999,48.99999999999999,48.708333333333314,45.49999999999999,45.49999999999999,39.66666666666666,38.5,38.5,38.5,38.5,38.5,38.5,39.08333333333333,42.0,43.74999999999999,48.99999999999999,53.08333333333333,56.0,61.83333333333334,63.00000000000001,63.00000000000001,13.0,12.0,12.0,12.0,12.0,12.0,11.0,11.0,11.0,10.0,10.0,10.0,10.0,10.0,10.0,10.0,11.0,10.0,12.0,12.0,13.0,13.0,14.0,14.0,8.583333333333332,8.5,8.5,8.5,8.5,8.416666666666666,7.499999999999998,7.499999999999998,6.666666666666666,6.499999999999998,6.499999999999998,6.499999999999998,6.499999999999998,6.499999999999998,6.499999999999998,6.583333333333332,6.999999999999998,7.666666666666666,8.5,9.083333333333332,9.5,10.333333333333332,10.499999999999998,10.499999999999998,49.58333333333332,48.999999999999986,48.999999999999986,48.999999999999986,48.999999999999986,48.70833333333332,45.49999999999999,45.49999999999999,39.666666666666664,38.5,38.5,38.5,38.5,38.5,38.5,39.08333333333333,41.99999999999999,43.74999999999999,48.999999999999986,53.08333333333332,55.99999999999999,61.83333333333333,63.0,63.0,0.8560000000000001,0.8560000000000001,0.8560000000000001,0.8560000000000001,0.8560000000000001,0.8560000000000001,0.8560000000000001,0.8560000000000001,0.8325,0.657,0.657,0.657,0.8325,0.8325,0.657,0.657,0.657,0.8325,0.8325,0.657,0.657,0.6350000000000001,0.6350000000000001,0.7460000000000001,0.924,0.924,0.924,0.924,0.924,0.924,0.924,0.924,1.035,1.123,1.123,1.123,1.035,1.035,1.123,1.123,1.123,1.035,1.035,1.123,1.123,1.035,1.035,0.924
2023-02-27,63.00000000000001,63.00000000000001,63.00000000000001,63.00000000000001,63.00000000000001,63.00000000000001,63.00000000000001,63.00000000000001,56.87499999999999,52.5,56.0,56.0,56.0,57.75,51.33333333333332,48.99999999999999,54.83333333333333,55.41666666666666,51.33333333333333,56.0,52.49999999999999,50.16666666666666,51.33333333333333,56.0,14.0,14.0,14.0,14.0,14.0,14.0,14.0,14.0,14.0,12.0,13.0,13.0,13.0,13.0,13.0,12.0,12.0,13.0,12.0,13.0,13.0,12.0,12.0,13.0,10.499999999999998,10.499999999999998,10.499999999999998,10.499999999999998,10.499999999999998,10.499999999999998,10.499999999999998,10.499999999999998,9.5,9.0,9.5,9.5,9.5,9.75,8.833333333333334,8.5,9.333333333333332,9.416666666666668,8.833333333333332,9.5,9.0,8.666666666666666,8.833333333333332,9.5,63.0,63.0,63.0,63.0,63.0,63.0,63.0,63.0,56.875,52.499999999999986,55.99999999999999,55.99999999999999,55.99999999999999,57.74999999999999,51.33333333333332,48.999999999999986,54.83333333333333,55.41666666666666,51.33333333333332,55.99999999999999,52.499999999999986,50.16666666666666,51.33333333333332,55.99999999999999,0.8560000000000001,0.8560000000000001,0.8560000000000001,0.8560000000000001,0.8560000000000001,0.8560000000000001,0.8560000000000001,0.8325,0.8325,0.657,0.657,0.657,0.8325,0.8325,0.657,0.657,0.657,0.8325,0.8325,0.657,0.657,0.6350000000000001,0.6350000000000001,0.7460000000000001,0.924,0.924,0.924,0.924,0.924,0.924,0.924,1.035,1.035,1.123,1.123,1.123,1.035,1.035,1.123,1.123,1.123,1.035,1.035,1.123,1.123,1.035,1.035,0.924
2023-02-28,56.0,56.0,56.0,56.0,56.0,56.0,56.0,54.83333333333333,38.5,28.0,28.0,28.0,28.0,32.08333333333333,35.0,35.0,35.0,35.0,36.75,43.75,57.75000000000001,63.00000000000001,63.00000000000001,63.00000000000001,13.0,13.0,13.0,13.0,13.0,13.0,13.0,13.0,12.0,9.0,9.0,9.0,9.0,9.0,10.0,10.0,10.0,10.0,10.0,10.0,13.0,14.0,14.0,14.0,9.5,9.5,9.5,9.5,9.5,9.5,9.5,9.333333333333334,7.0,5.499999999999999,5.499999999999999,5.499999999999999,5.499999999999999,6.083333333333333,6.5,6.5,6.5,6.5,6.75,7.749999999999999,9.75,10.499999999999998,10.499999999999998,10.499999999999998,55.99999999999999,55.99999999999999,55.99999999999999,55.99999999999999,55.99999999999999,55.99999999999999,55.99999999999999,54.83333333333333,38.49999999999999,27.999999999999996,27.999999999999996,27.999999999999996,27.999999999999996,32.08333333333333,34.99999999999999,34.99999999999999,34.99999999999999,34.99999999999999,36.74999999999999,43.749999999999986,57.74999999999999,63.0,63.0,63.0,0.7460000000000001,0.8560000000000001,0.8560000000000001,0.8560000000000001,0.8560000000000001,0.8560000000000001,0.8560000000000001,0.8325,0.8325,0.657,0.657,0.657,0.8325,0.8325,0.657,0.657,0.657,0.8325,0.8325,0.657,0.657,0.6350000000000001,0.6350000000000001,0.7460000000000001,0.924,0.924,0.924,0.924,0.924,0.924,0.924,1.035,1.035,1.123,1.123,1.123,1.035,1.035,1.123,1.123,1.123,1.035,1.035,1.123,1.123,1.035,1.035,0.924
